17
8
-1
-1
-1
-1
-1
9
0
0
0
1
1
2
2
2
3
4
4
4
-5
-14
-23
-32
-41
-50
59
50
40
31
23
14
5
-4
-4
-4
-4
-4
-3
-12
-21
-31
-49
-58
-67
-76
-85
-94
92
83
74
65
56
47
38
29
20
11
2
2
2
2
2
2
2
2
3
3
3
3
4
4
3
4
4
4
4
-5
3
3
3
3
3
3
3
3
3
3
4
3
3
3
3
3
4
4
4
4
4
4
5
-4
4
4
4
4
4
4
4
4
4
4
4
4
-4
4
5
-4
-4
-4
-4
-4
-4
-4
-4
4
-4
-4
-4
-4
-4
-4
-4
-4
-4
5
-3
-4
-4
-4
5
-4
-4
-4
-4
-4
-4
-4
-4
-4
-4
-4
-4
-4
-4
-4
-4
-3
-3
-3
-3
-3
-12
-21
-30
-39
-48
57
48
39
30
21
12
3
3
2
2
1
2
-7
3
3
3
3
3
-6
3
-6
-15
-24
29
20
11
2
2
-7
2
2
1
1
2
2
2
2
2
2
2
2
2
3
3
3
3
3
3
3
3
3
3
3
3
3
2
3
3
3
3
3
3
3
3
3
-6
4
4
-5
-14
-23
-32
-41
-50
-59
-68
-77
71
62
53
44
27
18
9
0
0
0
0
0
0
-1
-9
1
1
1
1
1
1
1
1
-8
8
0
0
0
0
-1
0
0
0
0
1
1
1
1
1
1
1
1
1
1
1
1
1
1
1
1
1
1
1
2
-7
2
2
2
2
2
2
-7
1
2
2
1
1
1
2
2
2
2
2
1
1
2
2
2
2
2
2
2
2
2
2
2
2
2
2
2
1
-8
1
1
0
1
1
-8
2
2
2
2
3
3
3
3
3
3
3
3
3
3
3
3
4
3
4
4
4
4
4
4
4
4
3
3
2
2
2
2
2
2
2
3
3
3
3
4
-5
4
4
-5
13
4
4
4
3
4
4
-5
3
-6
3
3
-6
11
2
2
-7
3
-3
-3
-3
-3
-4
-4
-4
-4
-4
4
-5
14
5
-4
-4
-4
-4
-4
-4
-4
-4
-4
-4
-4
-4
-4
-4
-4
-4
-4
-4
-4
-4
-4
-4
-4
-4
-4
-4
4
-4
4
4
4
4
-3
-3
-3
-3
-3
-3
-3
-3
-3
-2
-2
-3
-2
-2
-2
-2
-2
-2
-2
-2
-2
-2
-2
-2
-2
-2
-2
-2
-2
-2
-2
-2
-2
-2
-2
-2
-2
-2
-2
-2
-2
-2
-2
-2
-3
7
-2
-2
-2
-2
-3
-3
-3
-3
-3
-3
-3
-3
-3
-3
-3
-3
-3
-3
-3
-3
-3
-3
-3
-3
-3
-3
-3
-3
-3
-2
-2
-2
-2
-2
7
-2
-2
-2
-2
-2
-2
-2
-2
-2
-2
-2
-3
-3
-3
-3
-3
-3
-3
-3
-3
-3
-3
-3
-3
-3
-3
-3
-3
-3
-3
-3
-3
-3
-3
-3
-3
6
-3
6
-3
-2
-11
-20
-29
32
23
14
5
-4
-4
-4
-4
-4
-4
-4
-4
-4
-4
-4
-4
-4
-4
-4
-4
-4
-4
-4
-4
-3
-3
-3
-2
-3
-2
-2
-2
-2
-3
-3
-3
-3
-3
-3
-3
-3
-3
-3
-3
-3
-3
-3
-3
-3
-3
-3
-3
-3
-3
-2
-2
-2
-2
-2
-2
-2
-2
-2
-2
-2
-2
-2
-2
-2
-2
-2
-2
-2
-2
-2
-2
-2
-2
-2
-2
-2
-2
-2
-2
-2
-2
-2
-11
7
-2
-1
-1
-1
-1
-1
-1
-1
-1
-1
-1
-1
-1
-1
-1
-1
-1
-1
-1
0
-1
-1
-1
-1
-1
0
0
0
0
0
0
0
0
0
0
0
0
0
0
0
0
9
0
0
9
0
0
0
0
0
0
0
0
0
0
0
0
1
0
0
0
0
0
1
1
1
1
1
1
-8
1
1
1
1
2
2
2
2
1
2
1
1
-8
1
1
1
1
1
1
1
1
1
1
1
1
1
1
1
1
1
1
1
1
1
1
1
1
1
1
1
1
1
1
1
1
1
1
1
1
1
1
1
1
1
1
1
1
1
1
1
1
1
0
0
0
0
0
0
0
-1
-1
-1
-1
-1
-1
-1
-1
-1
-1
-1
-1
-1
-1
-1
0
-1
-1
-1
-1
-1
-1
-1
-1
-1
-1
-1
-1
-1
-1
-1
-1
-1
-1
-1
-1
-1
-1
-1
-1
-1
-1
-1
-1
-1
-1
-1
-1
-1
-1
-1
0
-2
-1
-1
-1
-1
-1
-1
-1
-1
-1
-1
-1
-1
-1
-1
8
-1
-1
-1
-1
-1
-1
-1
-1
-2
-1
-1
-1
-3
-3
-3
-3
-3
-3
-12
-21
-30
-39
-48
40
31
22
4
4
5
-4
4
-5
4
-5
5
4
5
-4
-3
4
4
4
4
4
4
4
4
4
4
4
4
4
4
4
4
4
4
4
4
4
4
4
4
4
4
4
4
4
4
4
4
3
3
3
3
2
3
3
3
3
3
3
3
3
3
3
3
3
3
3
4
4
4
4
4
4
4
4
4
4
4
4
4
4
4
4
4
3
3
3
3
3
4
3
3
4
4
4
4
3
3
3
3
4
3
3
3
3
3
3
3
3
3
3
3
3
3
3
3
3
3
3
-6
12
3
4
4
4
-4
-4
4
-4
-4
-4
-4
-4
-4
-4
5
4
5
-4
-13
5
-4
-4
-4
-4
-4
-4
-4
-4
-4
-4
-4
-4
-4
-4
-4
-4
-4
-4
-4
-4
-4
-4
-4
-4
-4
-4
-4
-4
-4
-4
-4
-4
-4
-4
-4
-4
-4
-4
-4
-4
-4
-4
-4
-4
-4
-4
-4
-4
-4
-4
-4
-4
-4
-4
-4
-4
-4
-4
-4
-4
-4
-4
4
4
4
4
4
4
3
3
-4
-4
4
3
4
4
4
-4
-4
-4
-4
-4
-4
4
-4
4
4
4
4
4
4
4
4
4
4
4
3
4
3
3
3
3
3
3
3
3
-6
4
4
4
4
4
4
4
4
4
4
4
4
4
4
4
4
4
4
4
4
4
4
4
4
4
4
4
4
4
4
4
4
4
4
4
4
-6
3
3
-6
12
3
3
-6
3
3
3
3
3
3
3
3
-6
3
-6
3
3
3
3
3
3
3
3
3
3
4
-5
4
4
4
3
4
4
3
4
4
4
3
4
4
4
3
-5
4
4
4
4
-5
13
4
4
4
4
4
4
4
4
4
4
4
4
4
4
4
4
4
4
4
4
4
4
4
4
4
4
4
4
4
4
4
4
4
4
4
4
4
4
4
4
4
4
4
4
4
4
4
4
4
4
4
4
4
4
4
4
3
4
4
3
4
3
4
4
4
4
4
4
4
4
4
4
5
-4
5
-4
-4
-4
-4
4
4
-5
4
4
3
3
3
3
3
3
-6
3
4
4
-4
4
4
4
4
4
4
4
4
4
4
4
4
3
3
4
3
3
3
3
3
4
3
3
3
3
3
3
3
2
3
4
-4
-4
4
4
4
-4
4
-4
4
4
4
4
4
-4
-4
-4
-3
-3
-3
-3
-3
-3
-3
-4
-3
-4
-4
-3
-3
-3
-3
-3
-3
-3
-3
-3
-3
-3
0
0
0
0
-1
0
0
0
0
-1
0
0
0
-1
0
-1
0
0
0
0
-1
-10
8
-1
-1
-1
-1
-1
-1
-1
-1
-1
-1
-1
-1
-2
-2
-3
-2
-2
-2
-2
-2
-2
-2
7
-2
-2
-2
-2
-2
-2
-2
-2
-2
-2
-2
-2
-2
-2
-2
-2
-2
-2
-2
-2
-2
-2
-2
-2
-2
-2
-2
-2
-2
-2
-2
-2
-2
-2
-2
-2
-2
-2
-2
-2
-2
-2
-2
-2
-2
-2
-2
-2
-2
-2
-2
-2
-2
-2
-2
-2
-2
-2
-2
-2
-2
-2
-2
-2
-2
-2
-2
-2
-2
-2
-2
-2
-2
-2
-2
-2
-2
-2
-2
-2
-1
-1
-1
-1
-1
-1
-1
-1
-1
-1
-1
-1
-1
-1
-1
-1
8
-1
-1
-1
-1
-1
0
-1
-1
-1
-1
-1
-1
-1
-1
-1
0
0
0
0
0
0
0
0
0
0
0
9
0
0
0
0
0
0
0
0
0
0
0
0
0
0
0
0
0
0
0
0
0
-1
-1
-1
-1
-1
-1
-1
-1
0
-1
-1
-1
-1
-1
-1
-1
-1
-1
-1
-1
-1
-1
-1
-1
-1
-1
0
0
0
0
0
0
0
0
0
0
9
0
1
-8
-17
-26
-35
-43
-53
-62
-71
-80
-89
-98
-107
108
99
90
81
72
63
54
45
36
27
18
9
0
0
0
0
0
0
0
1
0
0
0
0
1
1
1
1
1
1
1
1
1
1
1
1
1
1
1
1
1
0
-9
10
1
0
0
17
8
-1
-1
-1
-1
-2
-1
-1
-1
-1
-1
-10
-19
-37
-2
-2
8
-2
-1
-10
8
-1
-1
-1
-1
-1
-1
-1
-1
-1
-1
-1
-1
-1
-1
-1
-1
-1
-1
9
0
0
-1
0
0
-9
-18
-27
-36
-54
-81
-90
-99
-108
-118
-127
-135
-153
-162
-171
-180
179
170
160
152
143
134
125
116
107
98
89
80
71
62
53
44
35
26
17
8
-1
-1
-10
8
-2
-1
-1
-2
-2
-1
-1
-2
-1
-1
-1
-2
-1
-2
-2
-2
-2
-2
-2
-2
-2
-2
-2
-2
-2
-2
-2
-2
-2
-2
-2
-2
-2
-2
-2
-2
-2
-2
-2
-2
-2
-4
-3
-3
6
-3
5
-4
-4
6
-3
5
-4
-4
-4
-4
-4
-4
-4
-13
5
-4
-4
-4
-4
-4
-4
-4
-4
-4
-4
-3
-4
-4
-3
4
-4
-4
-4
-4
-4
-4
-4
-4
-4
-4
-4
-4
-4
4
-4
-4
4
4
4
4
4
4
4
-4
-4
4
-3
-3
-4
-13
-22
-31
-40
-49
-58
-67
-76
-85
-94
-102
-112
-121
-130
-139
-156
-165
-174
-184
-193
-211
-220
-229
-237
246
237
228
219
210
201
192
183
174
165
156
147
138
129
120
111
102
93
84
75
66
57
48
39
30
21
12
3
-6
-15
-24
-33
-42
-51
-60
-69
-78
-87
-96
-105
103
94
85
76
67
58
49
40
31
22
13
4
4
4
4
4
-5
4
-5
-14
-23
-32
-41
-50
58
49
40
31
22
13
4
4
4
4
4
4
4
4
4
4
-5
5
-4
-12
-14
-22
-31
40
31
22
13
4
4
-3
-12
-21
-30
-39
-48
-57
-66
-75
76
67
58
49
40
31
22
-6
4
3
3
3
3
3
3
3
3
3
3
3
-6
-15
-24
-33
-42
-51
-60
-69
-78
-87
-96
-122
-131
-141
-150
-159
166
157
148
139
130
121
112
103
94
85
76
67
58
49
40
31
23
4
-5
13
4
4
4
4
-5
-14
-23
-32
-41
-50
-59
-68
-77
-86
-95
-104
-113
-122
-140
-149
-158
-167
-176
-185
-194
-203
-212
-221
-230
-239
-248
-257
-266
-275
-284
-293
-302
-311
-320
-329
-338
-347
-356
-365
-374
-383
-392
-401
-410
-419
-429
-437
-446
-455
-473
-482
-500
-510
-518
-527
-536
-554
-563
-572
-582
-591
-600
-609
-618
-627
-636
-645
-654
654
646
636
627
610
591
574
564
555
546
537
528
519
510
501
483
474
375
357
348
267
-3
-3
-3
-3
-3
-2
-4
-3
-3
-3
-3
-3
-3
-3
-3
-3
-3
-3
-3
-3
-3
5
-3
-3
-4
-4
-4
-4
-4
5
-4
-4
-4
-41
-4
-38
4
4
4
4
-158
-167
-176
183
64
-136
-163
222
168
159
150
141
132
123
114
105
96
78
51
42
33
-2
-2
-2
-2
-2
-2
-2
-2
-2
-2
-2
-2
-2
-1
-1
-2
-2
-1
-1
-2
-2
-2
-2
-1
-2
-2
-2
-2
-2
-2
-2
-1
-1
-1
-1
-1
-1
-1
-1
-1
-1
-1
-1
-1
-1
-1
-1
-1
-1
0
-1
-1
-1
-1
-1
-1
-1
-1
-1
-1
-1
-1
-1
-1
-1
0
-1
-1
-1
-1
-1
-1
-1
-1
-1
-1
-1
-2
-1
-1
-1
-1
-1
-2
-1
-1
-1
-1
-1
-1
-1
-1
-1
-1
-1
-1
-1
-1
-1
-1
-1
-1
8
-1
-1
0
-1
0
0
0
0
0
0
0
0
0
0
0
0
0
0
0
0
0
0
0
0
0
0
0
0
0
0
0
0
0
0
0
0
0
0
1
1
0
-9
-18
18
10
0
9
0
0
-1
0
-4
-41
-68
-86
-95
-104
-113
-122
-131
139
130
121
112
94
85
22
13
4
-14
-23
-32
-41
-50
-59
-68
-77
-86
-95
-104
-113
-122
-131
-140
-149
-159
-177
-185
194
185
176
166
158
149
140
131
122
113
104
95
86
77
68
59
50
41
32
23
14
5
-5
-13
-22
-31
-50
-67
-76
-85
86
77
68
59
50
41
32
23
14
4
-4
-13
-23
-31
-40
-49
-58
-67
-76
-85
-94
-104
-112
-121
-129
-131
-139
-148
-157
-166
-175
-184
-193
-202
-211
-220
-229
-238
-247
-256
-265
-274
-283
-292
-301
-310
-319
-328
-337
-346
-355
-364
-373
-382
-391
-400
-409
-418
-427
-436
-445
-454
-463
-472
-481
-490
486
477
468
459
450
441
432
423
414
405
396
387
378
369
360
351
342
333
324
315
306
297
279
270
252
242
126
90
18
9
0
9
0
-9
-18
-27
-36
-45
-72
37
28
-35
333
-1
-1
0
0
-1
-1
0
0
0
-1
-1
-1
-1
0
0
0
0
0
0
0
0
8
-1
-1
-1
-1
-1
-1
-1
0
0
0
0
0
0
0
0
0
0
0
0
0
0
-1
-1
-1
-1
0
0
0
0
0
0
-1
-1
-1
-1
-1
-1
-1
-1
-1
-1
-1
-1
-1
-1
-1
-1
-1
-1
-1
-1
-1
-1
-1
-1
-1
-1
-1
-1
-1
-1
-2
-2
8
-1
-1
-1
-1
-1
0
0
-1
-1
-1
-1
-1
-1
-1
-1
-1
-1
-1
-1
-1
-1
-1
-1
-1
-1
-1
-1
-1
-1
-1
-1
-1
-1
9
0
0
0
0
0
0
0
0
0
0
0
0
0
-1
-1
-1
-1
-1
-1
-1
-1
-1
-1
-1
-1
-1
-1
-1
-1
-1
-1
-1
-1
-1
-1
-1
-1
-1
-1
-1
-1
-1
-1
-1
0
0
0
-1
-1
-1
-1
-1
-1
-1
-1
-1
-1
-1
-1
-1
-1
-1
-1
-1
-1
-1
-1
-1
-1
-1
-1
-1
-1
-1
-1
-1
-1
-1
-1
-1
-1
-1
-1
-1
-1
-1
-1
-1
-1
9
0
0
0
0
0
0
0
0
0
0
0
0
0
0
8
-1
0
0
0
0
0
0
0
0
0
0
0
0
0
0
0
0
0
0
0
0
0
0
8
-1
-1
-1
-1
-1
-1
-1
-1
-1
-1
-1
-1
-1
-1
-1
-1
-1
-1
-1
-1
-1
-1
-1
-1
-1
-1
-1
-1
-1
-1
-1
-1
-1
-1
-1
-1
-1
-1
0
0
0
0
0
0
0
0
0
0
0
0
0
0
0
0
0
0
0
0
0
0
0
0
0
-1
-1
-1
-1
-1
-1
-1
0
-1
-1
-1
-1
-1
0
0
0
0
-1
0
-1
-1
0
-1
-1
-1
-1
0
0
0
0
0
0
-1
-1
0
-1
-1
-1
-1
-1
-1
-1
-1
-1
-1
0
-1
0
0
-1
-1
-1
-1
-1
-1
-1
-1
-1
-1
-1
-1
-1
-1
-1
-1
-1
-1
-1
-1
-1
-1
-1
-1
-1
-1
-1
-1
-1
-1
-1
-1
-1
-1
-1
-1
-1
-1
-1
-1
-1
-1
-1
-1
-1
-1
-1
-1
-1
-1
-2
-2
-2
-2
-1
-1
-1
-1
-2
-2
-2
-2
-2
-2
-2
-2
-2
-2
-2
-2
-2
-2
-2
-2
-2
-2
-2
-3
-3
-3
-3
-3
-4
-4
-4
-4
-4
-4
-4
-4
-3
-3
-3
-3
-3
-4
-4
-4
-4
-4
-4
-3
-4
-3
-3
-3
-3
-3
-3
-3
-3
-3
-3
-3
-3
-3
-3
-2
-3
-3
-3
7
-2
-2
-1
0
0
-9
1
1
1
2
-7
2
2
2
2
2
1
3
3
2
-7
2
2
1
1
1
1
1
1
1
1
2
2
2
2
2
3
3
3
3
3
3
3
4
4
4
4
4
4
4
4
3
3
3
3
3
3
3
3
3
3
2
2
2
1
1
1
1
1
1
1
1
1
1
1
2
2
2
2
2
2
2
2
2
1
1
1
1
1
1
1
1
1
1
1
1
1
1
1
1
1
1
1
1
1
1
2
2
2
2
2
2
2
2
2
2
2
2
2
2
1
1
1
1
1
1
1
1
1
1
1
1
1
1
1
1
1
1
1
1
1
1
1
1
1
1
1
1
1
1
1
1
1
2
2
2
2
2
2
2
2
1
2
2
2
1
2
2
2
2
2
2
1
1
1
1
1
1
0
0
0
0
0
0
0
0
0
0
0
0
0
1
1
1
1
1
1
1
1
1
1
1
1
1
1
1
0
0
0
0
0
0
0
0
0
1
1
1
1
1
1
1
1
1
1
0
0
0
0
0
0
0
0
0
0
1
1
1
1
0
0
0
0
0
0
0
0
0
0
0
0
0
0
0
0
0
0
0
0
0
0
0
0
0
0
0
0
0
0
0
0
0
0
0
0
0
0
0
0
0
0
0
0
0
0
-1
-1
-1
0
0
0
0
0
8
-1
-1
-1
-1
-1
-1
0
0
0
0
0
0
-1
-1
-1
-1
-1
-1
0
0
0
0
0
0
0
0
0
0
1
1
1
0
0
-1
-1
-1
-1
-1
-1
-1
-1
-1
-1
-2
-2
-2
-2
-2
-2
-2
-2
-2
-2
-2
-2
-2
-2
-2
-2
-2
-1
-1
-1
-1
-1
-1
-1
0
0
0
0
0
0
0
0
0
0
0
0
0
0
0
0
0
0
0
0
0
0
0
0
8
-1
-1
-1
-1
-1
-1
-1
-1
-1
-1
0
-1
-1
0
0
0
0
0
0
0
-1
-1
0
0
0
0
-1
-1
-1
-1
-1
-1
-1
-1
-1
-1
-1
-1
-1
-1
-1
-1
-1
-1
-1
0
0
0
0
0
-1
-1
-1
-1
-1
-1
-1
-1
-1
-1
-1
-1
-1
-1
-1
-1
-1
-1
-1
-1
0
0
0
0
0
0
0
0
0
0
-1
-1
-1
-1
-1
-1
-1
-1
-1
-1
-1
-1
-2
-2
-2
-2
-2
-2
-2
-2
-2
-2
-2
-2
-2
-2
-2
-2
-2
-1
-1
-1
-1
-1
-1
-1
-1
-2
-2
-3
-3
-3
-3
-3
-3
-2
-3
-3
-2
-2
-2
-2
-2
-2
-2
-2
-2
-2
-2
-2
-3
-3
-3
-3
-3
-3
-3
-4
-4
-4
-4
-4
-4
-3
-3
-3
-4
-4
-3
-4
4
4
-4
-4
-4
-3
-3
-3
-3
-3
-3
-3
-3
-3
-3
-3
-3
-3
-3
-3
-3
-3
-3
-3
-3
-3
-3
-3
-3
-2
-2
-3
-3
-3
-3
-3
-3
-4
-4
-4
-4
-4
-4
-4
-4
-4
-4
-4
-4
-4
-4
-4
4
-4
-4
-1
-1
-1
-1
-1
-2
-2
-2
-2
-2
-2
-2
-2
-1
-1
0
-1
-1
-1
8
-1
-1
-1
-2
-2
-2
-3
-3
-4
4
4
3
3
3
1
1
1
0
0
0
1
0
2
2
2
2
2
-7
1
1
1
1
1
1
1
0
0
0
0
0
0
0
-9
1
1
1
1
1
1
1
1
1
1
1
1
1
1
1
1
-8
0
0
0
0
0
1
0
0
0
0
-1
-1
-1
0
-1
-1
-1
-1
-1
-1
-1
-1
-1
-1
-1
-1
-1
-1
-1
0
-1
-1
-1
-1
-1
-1
-1
-1
-1
-1
-1
-1
-1
-1
-1
-1
-1
-1
-1
-2
-1
-1
-1
-2
-2
-2
-1
-2
-1
-1
-1
-1
-1
-1
-1
-1
-1
-1
-1
-1
-1
0
0
0
0
0
0
0
0
0
0
0
0
0
0
0
0
0
0
0
0
0
0
0
0
0
0
0
0
0
0
0
-1
0
-1
-1
-1
-1
-1
-1
-1
0
0
0
0
0
0
0
0
0
0
0
0
0
0
0
0
0
0
0
0
0
0
0
0
0
-1
0
0
0
-1
-1
-1
-1
-1
-1
-1
-1
-1
-1
-1
-1
-1
-1
-1
-1
-1
-1
-1
-1
-1
-1
-1
-1
0
0
-1
0
0
0
0
0
0
-1
-1
-1
-1
-1
-1
-1
-1
-1
-1
-1
-1
-1
-1
-1
0
-1
-1
-1
-1
-1
-1
-1
-1
0
0
0
0
0
-1
-1
-1
-1
-1
-1
0
-1
-1
-1
-1
-1
-1
-1
-1
0
0
0
0
0
0
0
0
0
0
-1
-1
-1
-1
-1
-1
-1
-1
-1
-1
-1
-1
-1
-2
-2
-2
-2
-2
-2
-2
-2
-1
-1
-1
-1
-1
-1
-1
0
0
-1
-1
-1
-1
-1
-1
-1
-1
-1
-1
-1
-1
-1
-1
-1
-1
-1
-1
-1
-1
-1
-1
-1
-1
-1
-1
-1
-1
-1
8
-1
-1
-1
-1
-1
-1
-1
-1
-1
-1
-1
-1
-1
-10
16
7
-2
-2
-2
-2
-2
-2
-2
-2
-2
-2
-3
-3
-3
-3
-3
-3
7
-2
-2
-2
-2
-2
-2
-2
-2
-2
-2
-2
-2
-1
-2
-2
-2
-2
-2
-2
-2
-3
-3
-3
-3
-3
-3
-3
-2
-2
-2
-2
-2
-2
-2
-2
-2
-2
-2
-2
-2
-2
-2
-2
-2
-2
-2
-2
-2
-2
-2
-2
-2
-2
-2
-1
-1
-1
-1
-1
-1
-1
-1
-1
-1
-2
-1
-1
-1
-1
-1
-1
-1
-1
-1
-1
-1
-1
-1
-1
-1
-1
-1
-1
-1
-1
-1
-1
-1
-1
-2
-2
-1
-1
-1
-1
-1
-1
-1
-1
-1
-1
-1
-1
-1
-1
-1
-1
-1
-1
-1
-1
-1
-1
-1
-1
-1
-2
-2
-2
-2
-2
-2
-2
-2
-2
-2
-2
-1
-1
-1
-1
0
0
0
0
0
1
1
1
1
1
1
1
1
1
1
1
1
1
1
1
-8
2
2
2
2
2
2
2
2
2
2
3
2
2
-6
-15
-24
-33
-42
-51
-60
66
57
48
39
30
21
12
2
-3
4
4
4
4
4
4
4
4
4
4
4
5
-4
-4
-4
-4
4
4
-4
4
4
4
4
4
3
3
3
3
3
3
3
3
3
3
3
2
2
2
2
2
3
2
3
3
3
3
3
3
3
3
3
3
3
4
4
4
4
4
-4
5
-3
-3
-3
-3
-3
-4
-4
-4
-4
-4
-4
-4
-4
-4
-4
-4
-4
-4
-4
-4
-4
-4
-4
-4
4
-4
-4
-4
-4
-4
-4
-4
-4
-4
-4
-4
-4
-4
-4
-4
-4
-4
4
4
4
4
4
4
4
4
4
-3
-3
-3
-3
-2
-2
-2
-3
-3
-3
-3
-3
-3
-3
-3
-3
-3
-3
-3
-3
-3
-3
-3
-3
-3
-4
-4
-4
-4
-4
4
4
4
4
4
4
4
4
4
3
2
2
2
2
2
2
-4
-4
-4
4
4
4
3
3
3
3
3
3
4
4
4
4
4
4
4
3
3
3
3
-6
4
4
4
4
4
3
4
4
4
3
-6
3
2
2
2
2
2
2
2
2
2
2
2
1
2
1
1
1
1
1
1
1
0
0
0
-1
-1
-1
-1
-2
-2
-2
-2
-2
-3
-3
-3
-2
-3
-3
-3
-3
-3
-3
-3
-3
-3
-3
-3
-3
-3
-3
-3
-3
-3
-3
-3
-3
-3
-3
-3
-3
-4
-4
-3
-4
7
-2
-2
-2
-2
-2
-2
-2
-2
-2
-2
-2
-2
-2
-2
-2
-2
-2
-2
-2
-2
-2
-2
-2
-2
-2
-2
-2
-3
-3
-3
-3
-3
-3
-3
-4
-3
-3
-3
-3
-3
-3
-3
-3
-3
-3
-3
-3
-3
-3
-3
-3
-3
-3
-3
-3
-3
-3
-4
-3
-3
-4
-4
-4
-4
-4
-4
-4
-4
-4
-4
-4
-4
-4
-4
-4
-4
-4
-4
4
-4
-4
-4
-2
-3
-2
-3
-3
-3
-3
-3
-3
-3
-3
-3
-3
-3
-3
-3
-2
-3
7
-2
-2
-2
-2
-2
-2
-2
-11
6
-4
-3
-3
-3
6
-3
-4
-4
-4
-4
-4
-4
-4
-4
-3
-4
-4
-4
-3
-4
5
-4
-3
-4
-3
-4
-4
-4
-4
-4
-4
-4
-4
-4
-4
-4
-4
-4
-4
-4
-4
-4
-4
6
-3
-3
-3
-3
5
-4
-4
5
-4
-4
-4
-4
-4
-13
22
13
4
4
4
4
4
4
4
4
4
4
4
4
4
11
2
2
2
2
2
2
2
2
3
3
3
3
3
3
4
3
3
3
3
3
3
3
3
3
3
3
3
3
3
3
3
3
3
3
3
3
3
3
3
3
3
2
2
3
3
3
3
3
3
3
3
3
3
3
3
3
3
2
3
2
2
2
2
3
3
3
2
3
2
3
3
3
3
3
3
3
3
3
3
3
3
3
3
3
3
3
3
3
4
4
4
4
4
4
4
4
4
4
4
4
4
4
4
4
4
3
4
4
4
4
4
-5
5
-4
4
4
4
4
4
4
4
4
4
3
3
3
4
4
4
4
4
4
4
4
4
4
4
4
4
4
4
4
-4
-4
-4
-4
-4
-4
-4
-4
-4
-4
-4
-4
-3
-3
-3
-3
-3
-3
-3
-3
-3
-3
-3
-4
-4
-4
-4
-4
-3
-3
-3
-3
-3
-3
-3
7
-2
-2
-2
-3
-3
-3
-3
-3
-3
-3
-2
-3
-3
-3
5
-4
-4
-4
-4
-4
-4
-4
-4
-4
-4
-4
-3
-4
-13
6
-3
-3
-4
-4
-4
-4
-4
-4
-4
-3
-3
-3
-2
-2
-2
-2
-2
-2
-2
-2
-2
-2
-2
6
-4
-4
-4
-4
-4
-4
-4
-4
-4
-4
-4
-4
-4
-4
-4
-4
-4
-4
-4
-4
-4
-4
5
-4
-4
-13
5
4
4
4
4
4
4
4
4
4
4
4
4
-5
4
-5
5
-4
-4
-4
-4
-4
-4
-4
-4
-4
-3
-3
-3
-3
-3
-3
-3
-3
-3
-3
-3
-4
-4
-4
-4
-4
-4
-4
-4
-4
-4
-4
-3
-3
-3
-3
-3
-3
-3
-3
-3
-3
-3
-3
-3
-3
-3
-3
-3
-3
-3
-3
-3
-3
-3
-3
-3
-12
-21
-30
-39
-48
-57
-66
-75
-84
-93
-102
-111
-120
-129
-138
-147
-156
-165
-174
-183
-192
-201
-210
-219
-237
-245
-254
-263
264
255
246
237
228
219
210
201
192
183
174
165
156
147
138
129
120
111
102
93
84
75
66
57
48
39
30
21
12
3
-6
-15
12
3
3
-6
3
-6
-15
12
3
-6
3
4
4
4
4
4
4
4
4
4
4
4
4
4
4
4
4
4
3
4
4
3
3
3
3
3
3
3
3
3
3
3
3
3
3
3
3
3
3
3
3
3
3
3
3
2
3
4
3
3
3
3
3
3
3
3
3
3
3
3
3
2
3
3
3
3
3
3
3
3
3
3
3
3
3
3
3
2
1
1
1
1
1
1
1
1
1
1
1
1
1
1
1
1
1
1
1
1
1
2
1
2
2
2
2
2
1
3
2
2
2
2
2
2
2
2
2
2
2
2
2
2
2
2
2
2
2
2
2
2
2
2
2
2
2
2
2
2
2
2
2
2
2
2
2
2
2
2
2
2
2
2
2
2
2
2
2
2
2
3
4
4
4
4
4
4
4
35
8
-1
-1
-2
-1
-1
-1
-1
-1
-11
9
-1
-10
-200
-209
-218
-227
-246
-255
273
264
255
246
-3
-3
-3
-3
-3
-3
-3
-3
-3
-4
-3
-3
-3
-3
-3
-3
-3
-3
-3
-3
-3
-3
-4
-4
-3
-4
-3
-4
-3
-4
-3
-4
-4
-4
-4
-4
5
4
5
4
4
4
4
4
4
4
4
-4
4
4
4
4
4
4
4
4
5
3
3
4
4
4
4
4
4
4
4
4
4
4
4
4
4
4
4
4
4
4
4
2
3
-6
3
3
2
3
-4
-3
3
-3
-2
-3
-3
-3
-3
-3
-3
-2
-3
-3
-2
-3
-3
-2
-3
-1
-2
-3
8
-2
-2
-2
-2
-2
-2
-2
-2
-2
-2
-3
-3
-3
-3
-3
-3
-3
-2
-2
-2
-2
-2
-2
-2
-2
-2
-2
-2
-2
-3
-3
-2
-2
-2
-3
-3
-3
-3
-3
-3
-3
-3
-2
-2
-2
-2
-2
-2
-2
-2
-2
-2
-2
-2
-2
-2
-2
-2
-2
-2
-2
-2
-2
-2
-2
-2
-2
-2
-2
-2
-2
-2
-2
-3
-3
-3
-3
-3
-3
-3
-2
-2
-2
-2
-2
-2
7
-2
-3
-3
-3
-12
7
-11
16
-2
-3
-1
-1
8
-1
-1
-1
-1
7
-2
-1
-2
-2
-2
-1
8
-1
0
0
0
0
-9
-18
-27
-36
-45
-54
-63
-72
72
63
54
45
36
27
8
-1
-1
-1
-1
-10
9
0
0
0
0
0
-9
-18
-27
-36
-45
-54
-63
-72
-81
-90
-99
-108
-117
-134
-144
-153
-171
-180
-189
-198
-207
-216
-225
-233
-242
-252
-261
254
245
236
227
218
209
200
191
182
173
164
155
146
137
128
119
110
101
92
83
74
65
56
47
38
29
20
11
2
2
2
2
2
2
2
2
2
2
-7
3
-15
-23
-33
-42
-59
-78
83
74
65
56
47
38
29
20
2
1
3
2
-7
-16
2
2
-69
64
55
46
10
2
2
2
2
2
-7
11
2
-7
-7
-88
-97
-323
-332
-341
-350
-359
-378
-387
-396
-486
-504
-513
-522
-531
-540
-549
-558
566
557
548
539
530
521
511
503
493
485
476
467
458
448
439
430
421
412
403
394
385
376
367
358
349
340
331
322
313
304
295
286
277
268
259
250
241
233
223
214
205
196
187
178
169
160
151
142
133
124
115
106
97
88
79
70
61
52
43
34
25
16
7
-2
-11
7
-2
-1
-1
-1
-1
-1
-10
17
8
-1
-10
-19
-28
-37
-55
-64
-73
-82
-91
-100
-109
-118
-127
-136
-145
-154
-163
-172
-181
-190
-199
202
193
184
175
166
157
148
139
130
121
112
103
94
85
76
67
58
49
40
31
22
13
4
-5
-14
-23
32
23
14
5
-4
-4
-4
-4
5
-4
5
-4
-4
-4
-4
-4
-4
-4
4
-5
5
-4
-4
-4
-4
-4
-4
-4
-4
-4
-4
-4
-4
-4
5
4
4
4
4
4
4
5
4
4
5
-4
-4
4
5
-4
-4
-4
-4
-4
-4
-4
-4
-4
-4
-4
-4
-4
-4
-4
-4
-4
-4
-4
-4
-4
-4
-4
-4
-4
-4
-4
-4
-4
-4
-4
-4
-4
5
-4
-4
-4
-4
-4
-4
-4
-4
-4
-4
-4
-4
-4
-4
-4
-4
-4
-4
-4
-4
-4
-4
-4
-4
-4
-4
5
-4
-4
4
5
-4
-4
-4
-4
4
4
-4
-4
-4
5
-4
-4
-4
-4
-4
-4
-4
-4
-4
-4
-4
-4
-4
4
4
4
4
4
4
4
4
4
4
4
4
4
-4
4
-4
4
-3
-5
-13
23
15
-4
-4
4
4
5
4
4
4
3
4
-4
-4
5
4
4
4
4
4
4
-4
4
4
4
4
-4
4
4
-4
4
4
5
4
4
-5
101
92
83
74
-186
-195
191
182
173
164
155
137
128
118
109
100
92
46
20
10
-8
-17
-26
-35
-44
-62
-71
-80
-89
-98
-107
-116
-125
-134
-143
-152
-161
-170
-179
-188
-197
-206
-215
-224
-233
236
227
218
209
200
191
182
173
164
155
146
137
128
119
110
101
93
75
65
56
47
38
29
20
11
2
-7
-16
20
12
2
2
-7
3
-7
3
3
3
-6
4
4
4
-6
4
3
-6
2
2
2
2
2
2
2
2
2
2
2
2
2
2
2
2
2
3
2
-7
2
-7
3
3
3
3
3
-6
3
3
2
3
3
3
3
3
3
3
3
3
2
3
3
-6
12
4
2
-7
3
3
3
3
2
3
3
3
3
3
3
3
3
3
3
3
3
3
4
-6
-15
11
2
2
-7
3
2
3
2
-7
3
3
3
3
3
3
3
3
3
3
3
3
3
2
3
3
4
3
3
3
3
3
4
3
3
3
-6
3
3
-6
3
2
3
3
3
2
3
3
2
2
2
-7
2
2
-5
2
2
2
2
2
2
2
1
0
195
168
-4
-2
-2
-2
-2
-2
-2
-3
-2
-2
-2
-2
-2
-3
-2
348
132
6
-75
-83
-93
-102
-111
-120
114
105
15
-3
-3
-4
-3
-3
-3
-3
-3
-3
-3
-3
-3
-3
-3
-3
-3
-3
-3
-3
-3
-3
-3
-3
-3
-3
-3
-3
-3
-3
-4
-3
-3
-3
-3
-3
-3
-3
-3
-3
-3
-3
-3
-3
-3
-3
-3
-3
-4
-3
-3
-3
-3
-4
-3
-3
-3
-3
-3
-3
-3
-3
-3
-4
-4
-4
-4
4
-4
-3
-3
-2
-3
-3
-4
-4
-4
-3
-4
-4
-4
-4
-4
-4
-3
-4
-3
-3
-3
-3
-4
-3
-4
-3
-4
-4
-4
-3
-4
-4
-4
-4
-4
-5
989
953
926
512
-10
84
-271
178
0
-1
-1
-1
0
0
-1
-1
-1
0
0
0
0
0
-1
-1
-1
-1
-1
-1
-1
0
-1
0
0
0
0
0
0
0
0
0
0
0
0
0
0
0
0
0
0
0
0
0
0
0
-1
-1
-1
-1
-1
-1
-1
-1
-1
-1
0
0
0
0
0
0
0
-1
-1
-1
-1
-1
-1
-1
-1
-1
-1
-1
-1
-1
-1
-1
-1
-1
-1
-1
-1
-1
-1
-1
-1
-1
-1
-1
-1
-1
-1
-1
-1
-1
-1
-1
-1
-1
-1
-1
-1
-1
-1
-1
-1
-1
0
-1
-1
-1
-1
-1
-1
-1
0
0
-1
-1
-1
-1
-1
-1
-1
-1
-1
-1
-1
-1
-1
-1
-1
-1
-1
-1
-1
0
0
0
0
-1
0
0
0
0
0
0
-1
0
-1
-1
-1
-1
-1
-1
-1
0
0
0
0
0
0
0
0
0
0
0
0
0
0
0
0
0
0
0
0
0
0
-1
-1
-1
-1
-1
-1
-1
-1
-1
-1
-1
-1
-1
-1
-1
-1
-1
-1
-1
-1
-1
-1
-1
-1
-1
-1
-1
-1
-1
-1
-1
-1
-1
-1
-1
-1
-1
-1
-1
-1
-1
-1
-1
-1
-1
-1
-1
-1
-1
-1
-1
-1
-1
-1
-1
-1
-1
-1
-1
-1
-1
-1
-1
-1
-1
-1
-1
-1
-1
-1
-1
-1
-1
-1
-1
-1
-1
-1
-1
-1
-1
-1
-1
-1
-1
-1
-1
-1
-1
-1
-1
-1
-1
-1
-1
-1
-1
-1
-1
-1
-1
-1
-1
-1
-1
-1
-1
-1
-1
-1
-1
-1
-1
-1
-1
-1
-1
-1
-1
-1
-1
-1
-1
-1
-1
-1
-1
-1
-1
-1
-1
-1
-1
-1
-1
-1
-1
-1
-1
-1
-1
-1
-1
-1
-1
-1
-1
-1
-1
-1
-1
-1
-1
-1
-1
-1
-1
-1
-1
-1
-1
-1
0
-1
-1
0
0
0
9
0
0
8
-1
-1
-1
-1
-1
-1
-1
-1
-1
-1
-1
0
0
0
-1
0
0
0
0
0
0
0
0
0
0
0
0
0
0
0
0
0
0
0
0
0
0
0
0
0
0
0
0
0
-1
-1
-1
-1
-1
-1
-1
-1
-1
-1
0
0
0
0
0
0
-1
-1
-1
-1
-1
-1
-1
-1
-1
-1
-1
-1
-1
-1
-1
-3
-3
-3
-3
-3
-3
-3
-3
-3
-3
-3
-3
4
4
4
4
3
3
3
3
2
2
2
2
2
2
2
2
2
2
2
2
2
2
2
2
2
2
2
2
2
2
2
2
2
2
2
2
2
2
2
2
2
2
2
1
1
1
1
1
1
0
0
0
0
0
0
0
0
0
0
0
0
0
0
0
0
0
0
0
0
0
0
0
0
0
0
1
1
1
1
1
1
1
1
1
1
1
1
1
1
1
1
1
1
1
1
1
1
1
1
1
1
1
1
1
1
1
1
1
1
1
1
1
1
1
0
0
0
0
0
0
0
0
0
0
0
1
1
1
1
-8
0
0
0
1
1
1
1
1
1
1
1
1
1
1
1
0
0
0
0
0
0
0
0
0
1
1
1
1
1
1
1
1
1
1
1
1
1
1
1
1
1
1
1
1
1
1
1
1
1
1
1
1
1
1
1
1
1
1
1
1
1
1
0
0
0
1
0
0
0
0
0
0
0
0
0
1
0
1
1
1
1
1
1
1
1
1
0
0
0
0
0
0
0
0
0
0
0
0
0
0
0
0
0
0
0
0
0
0
0
0
0
0
0
0
0
1
1
1
1
1
1
0
0
0
0
0
0
0
0
0
0
0
0
0
0
0
0
0
0
0
0
0
0
0
0
0
0
0
8
-1
-1
-1
-1
-1
0
0
0
0
0
0
0
0
0
1
1
0
0
0
0
0
0
0
0
0
0
0
0
0
0
0
0
0
0
0
0
0
0
0
0
0
0
0
0
0
0
0
0
0
0
0
0
0
0
-1
-1
-1
-1
-1
-1
-1
9
0
0
0
8
-1
-1
-1
-1
-1
-1
-1
-1
-1
-1
-1
-1
-1
-1
-1
-1
-1
-1
-1
-1
-1
0
0
0
0
0
0
0
0
0
0
0
0
-1
-1
-1
-1
-1
-1
-1
-1
-1
-1
-1
-1
-1
-1
-1
-1
-1
-1
-1
-1
-1
-1
-1
-1
-1
-1
-1
-1
-1
-1
-1
-1
-1
-1
-1
-1
-1
-2
-3
-3
-3
-2
-2
-2
-2
-2
-2
-2
-2
-2
-2
-2
-2
-2
-2
-2
-3
-2
-3
-3
-3
-3
-3
-3
-3
-4
-4
-4
-4
-4
-4
-4
-4
-4
-4
6
-3
-4
-4
-4
-4
-4
4
4
4
4
3
3
3
3
3
2
2
2
2
2
2
2
2
2
2
2
1
1
1
1
1
1
1
0
0
0
0
0
0
-1
-1
-1
-1
-1
-1
-2
-2
-2
-2
-2
-2
-2
-2
-2
0
0
0
0
0
0
-1
-1
-1
-1
-1
-1
-1
-1
-1
-2
-2
-2
-2
-2
-2
-2
-2
-2
-2
-2
-2
-2
-2
-2
-2
-2
-2
-2
-2
-2
-2
-2
-1
-1
-1
-1
-2
-2
-2
-2
-2
-3
-3
-3
-3
-3
-3
-3
-3
-3
-3
-3
-3
-3
-3
-3
-3
-3
-3
-3
-2
-2
-2
-2
-2
-2
-2
-2
-2
-2
-2
-2
-2
-2
-2
-2
-2
-2
-2
-2
-2
-2
-2
-2
-2
-2
-2
-2
-2
-2
-2
-2
-2
-2
-2
7
-2
-3
-2
-2
-2
-2
-3
6
-3
-3
-3
-3
-3
-3
-3
-3
-3
-2
-3
-2
-2
-2
-1
-2
-1
-2
-2
-2
-2
-2
-2
-2
6
-3
-3
-3
-3
-3
-3
-2
-2
-2
-2
-1
-1
-1
-1
-1
-1
-1
-1
0
-1
-1
-1
-1
-1
-1
-1
-1
-1
-1
-1
-1
-1
0
-1
-1
-1
-1
-1
-1
-1
-1
-1
-2
-2
-2
-2
-2
-2
-2
-2
-3
-3
-3
-3
-3
-3
-3
-3
-3
-2
-2
-2
-2
-2
-2
-2
-2
-2
-2
-2
-2
-3
-3
-3
-3
-3
-3
-3
-3
-3
-3
-3
-3
-3
-3
-4
-4
-3
-4
-3
-3
-3
-3
-2
-2
-2
-2
-2
-2
-2
-2
-2
-2
-2
-3
-2
-2
-2
-2
-2
-3
-3
-3
-4
-4
-4
-2
-2
-2
-2
-2
-1
8
-1
-1
-1
-1
-1
0
0
0
0
0
0
0
0
0
0
0
0
1
0
1
1
1
1
1
1
1
1
1
1
1
1
2
2
2
2
2
2
2
2
2
2
2
1
1
1
1
1
1
1
1
1
1
1
1
1
1
1
1
1
1
1
1
1
1
1
1
1
1
1
1
0
0
0
0
1
1
1
1
1
1
1
1
2
0
0
0
0
0
-1
0
0
0
-1
-1
-1
0
-1
-1
-1
0
0
0
0
0
-1
0
-1
0
-1
-1
-1
-1
-1
-1
-1
-1
-1
-1
-1
-1
-1
-1
-1
0
0
-1
-1
-1
-1
-1
-1
-1
-1
-1
0
-1
-1
-1
0
9
0
-1
0
0
0
0
0
-1
-1
0
-1
0
0
0
0
0
0
0
0
0
-1
-1
-1
-1
-1
-1
-1
-1
-1
-1
-1
-1
-1
-1
-1
9
0
-1
-1
-1
-2
-2
-2
-2
-2
-2
-2
-2
-3
-3
-3
-3
-3
7
-2
-2
-2
-2
-2
-2
-2
-2
-2
-2
-2
-2
-2
-2
-2
-2
-2
-2
-2
-3
-3
-3
-3
-3
-3
-3
-3
-3
-3
-2
-2
-2
-2
-1
-1
-1
-1
-1
-1
-1
-1
-1
-1
-1
-1
-1
-1
-1
-1
-1
-1
-1
-1
-1
-1
-1
-1
-1
-1
-1
-1
-1
-1
-1
-1
-1
-1
-1
-1
-1
-1
-1
-1
-1
-1
-1
-1
-1
-1
-1
-1
-1
-1
-1
-1
-1
-1
-1
-1
-1
-1
-1
-1
-1
-1
-1
-1
-1
-1
-1
-1
-1
-1
-1
-1
-1
-1
-1
-1
-1
-1
-1
-1
-1
-1
-1
-1
-1
-1
-1
-1
-1
-1
-1
-1
-1
-1
-1
-1
-1
-1
-1
-1
-1
-1
-1
-1
-1
-1
-1
-1
-1
-1
-1
0
-1
9
0
-1
-1
-1
0
-2
8
-1
-1
-1
-1
-1
-1
-1
-1
-1
-1
0
0
0
0
0
0
0
0
0
0
0
-1
-1
-1
-1
-1
-1
-1
-1
-1
-1
-1
-1
-1
-1
-1
-1
-1
-1
-1
-1
-1
-1
-1
-1
-1
-1
-1
-1
-1
-1
8
-1
-1
-1
-1
-1
-1
-1
-1
-1
-1
-1
-2
-2
-2
-2
-2
-2
-2
-2
-2
-2
-2
-2
-2
-1
-1
-1
-1
-1
-1
-2
-2
-2
-2
-2
-2
-2
-2
-2
-2
-2
-2
-2
-2
-2
-2
-2
-2
-2
-2
-1
-2
-2
-1
-1
-1
-1
-1
-1
-1
-1
-1
-1
-1
-1
-1
-1
-1
-1
-1
-1
-2
-1
-1
-1
-1
-1
-1
-1
-1
-1
-1
-1
-1
-1
-1
-1
-1
-1
-1
-1
-1
-2
-2
-2
-1
-1
-1
-1
-1
-1
-1
-1
-2
-2
-2
-2
-2
-2
-2
-2
-1
-2
-2
-2
-2
-2
-1
-1
-1
-1
-1
-1
-1
-2
-2
-2
-2
-2
-2
-2
-2
-2
-2
-2
-2
-2
-2
-2
-2
-2
-2
-2
-2
-2
8
-1
-2
-2
-2
-2
-2
-2
-2
-2
-2
-2
-2
-2
-2
-2
-2
-2
-2
-2
-2
-2
-2
-2
-2
-2
-2
-2
-2
-2
-2
-1
-1
-2
-1
-2
-2
-2
-2
-2
-2
-2
-2
-2
-2
-2
-2
-2
-1
-2
-2
-2
-1
-2
-2
-2
-2
-1
-2
-2
-2
-2
-2
8
-1
-1
-1
-1
-1
-1
-1
-1
-1
-1
-1
-1
-1
-1
-1
-1
-1
-2
-2
8
-1
-1
-1
-1
-1
-1
-1
-1
-1
-1
-1
-10
17
8
-1
-1
-1
-1
-1
-1
-1
-1
-1
-1
-1
-1
-1
-1
-1
-1
-1
-1
-1
-1
-1
-1
-1
-1
-1
-1
-1
-1
-1
-1
-1
-1
-1
-1
-1
-1
-1
-1
-1
-1
-1
0
-1
-1
-1
0
-1
-1
8
-1
-1
-1
-10
-19
16
7
-2
-2
-2
7
-2
-2
-2
8
-1
-1
-1
-10
-19
-28
-37
-46
-55
-64
67
58
49
40
31
22
13
4
4
4
4
3
4
3
3
3
4
4
4
4
4
4
-5
4
3
4
4
4
4
3
4
3
3
3
3
3
3
3
3
3
3
3
3
3
3
3
3
3
3
3
3
3
3
3
3
3
3
3
3
3
3
4
3
3
3
4
4
4
3
3
3
3
3
3
3
3
3
4
4
4
4
4
4
4
4
4
4
4
4
4
4
4
4
4
4
4
4
4
4
4
4
-5
3
-6
-15
-24
-33
-42
-51
-60
-69
-78
-87
-96
-105
-114
-123
-132
-141
-151
165
157
147
138
129
120
111
102
93
84
75
57
49
40
31
22
12
4
4
4
3
4
-6
3
3
3
3
3
3
3
3
3
3
2
-7
2
3
3
3
3
3
3
3
4
3
4
4
3
3
3
3
3
3
3
3
3
3
3
3
3
3
3
4
3
2
3
2
2
2
2
2
2
2
2
2
2
2
2
2
2
2
2
2
2
2
2
2
2
2
2
2
2
2
1
1
1
3
3
3
4
3
3
3
3
3
4
4
3
-6
3
3
3
2
2
1
1
1
2
2
2
2
2
2
1
1
2
-7
3
2
2
2
2
2
3
3
3
3
2
2
1
2
1
2
2
2
2
2
2
-7
2
4
4
4
4
4
4
4
4
4
4
4
4
4
4
4
4
3
3
4
3
3
4
4
4
4
4
-5
4
4
4
4
4
4
4
4
4
4
4
4
4
5
-4
4
5
4
4
4
4
4
4
4
4
4
4
4
4
4
4
4
4
4
4
4
4
4
4
4
4
4
4
4
4
4
4
4
4
4
4
4
4
4
4
4
4
4
4
4
4
4
4
4
4
4
4
4
4
4
4
3
4
3
3
4
4
4
4
4
4
4
4
4
4
3
3
3
3
3
3
3
2
3
3
3
-4
4
4
4
4
3
4
4
4
4
4
4
4
4
4
4
4
4
4
4
5
4
-5
4
5
-4
-4
-4
-4
-4
-4
-4
-4
-4
-4
-4
-4
-4
-4
-4
-4
-4
-4
-4
-4
4
4
4
4
4
4
4
4
4
4
3
4
4
-4
-4
-4
-4
-4
-4
-4
-4
-4
-4
-4
-4
-4
-4
-4
-4
-4
-4
-4
-4
-4
-4
-4
-4
-4
-4
-4
-4
-4
-4
-4
-4
-4
-4
-4
-4
-4
-4
-4
-4
-4
-4
-4
4
4
4
4
4
4
4
4
4
4
4
4
4
4
4
4
4
4
4
4
4
4
4
4
4
4
4
4
4
4
4
4
4
4
-5
-14
23
14
5
4
-4
-4
4
4
4
-4
-4
-4
-4
-4
-4
-4
-4
-4
-4
-4
-5
4
-5
3
3
3
3
4
-5
4
3
-5
3
5
-4
4
3
3
3
3
3
3
3
3
3
3
4
4
3
3
3
3
-6
3
3
3
-6
3
4
4
4
4
4
-5
3
3
-6
3
-6
3
5
-4
4
4
4
4
4
4
4
4
4
4
4
4
4
-4
4
4
-5
-14
20
11
2
2
2
2
2
3
3
3
3
3
3
3
3
3
3
3
3
4
4
4
3
3
4
3
3
4
3
4
4
4
4
4
4
4
4
4
4
4
-4
4
-4
-4
-4
4
-4
-4
4
4
4
4
4
4
3
3
3
4
4
4
4
4
3
3
3
2
-7
2
-7
3
3
3
3
3
3
3
3
3
3
3
3
3
3
2
2
2
2
2
2
2
2
2
2
2
2
2
2
2
2
2
2
3
3
3
3
3
3
3
2
2
2
2
3
2
2
2
2
2
-7
2
2
2
2
2
2
1
2
2
2
2
2
2
2
2
2
2
2
3
2
4
2
2
2
2
1
2
2
2
2
2
2
2
2
3
4
4
2
2
3
2
2
2
2
2
2
2
2
2
2
2
3
2
2
2
3
3
3
3
3
3
3
3
3
3
3
4
4
4
4
4
4
4
4
4
4
4
4
4
4
4
4
4
3
3
3
3
3
3
3
3
3
3
3
3
3
3
4
4
3
3
3
3
2
3
4
4
3
2
-7
2
2
-4
-4
4
4
4
4
-4
4
-4
4
4
4
4
-4
-4
-4
-4
-5
4
4
3
3
3
3
2
2
2
3
3
3
3
3
3
3
3
2
2
3
2
2
2
2
2
2
2
2
2
2
2
3
3
1
1
1
1
1
1
1
1
1
1
1
-8
-17
-26
-35
-44
-53
-62
64
55
46
36
28
19
10
0
0
0
0
0
-8
10
1
-8
-17
-53
-142
-187
-196
-205
-214
-233
-242
-251
-260
-269
-314
213
204
195
186
176
159
140
131
-3
-3
-3
-4
-4
-4
-4
4
0
0
-1
-1
-1
-1
-1
-2
-2
-1
-1
-1
-1
-2
-1
-2
-2
-1
-1
-1
-2
-1
-1
-1
-1
-1
-1
-1
-1
-1
-1
-1
8
-1
0
-1
-1
-1
-2
-1
7
-2
-11
7
-2
-2
7
-2
-2
7
-2
-2
-2
-2
-2
-2
-2
-2
-12
-20
-29
-38
-47
-56
-65
-73
-75
-83
-92
-101
-110
-119
-128
-137
-146
-155
-164
-173
-182
-191
-200
-209
-218
-227
-236
-245
-254
-263
-272
-281
-290
-299
296
287
278
269
260
251
242
233
224
215
206
197
188
179
170
161
152
143
134
125
116
107
98
89
80
71
62
53
44
35
26
17
-1
-2
-2
-360
-369
365
356
347
337
329
311
-556
-565
-574
-583
-601
-610
-897
-907
-915
554
545
536
527
509
500
491
482
473
454
445
436
427
409
400
391
382
373
364
355
346
337
328
320
318
310
301
292
283
274
265
256
247
238
229
220
211
202
193
184
175
166
157
148
139
130
121
112
103
94
85
76
67
58
49
40
31
22
13
4
-5
-14
-23
-32
-41
-50
-59
-68
-77
-86
-95
-104
-113
-122
-131
-140
-149
-158
-167
-176
-185
-194
-203
-212
-221
-230
-239
-257
265
256
247
238
220
211
202
184
175
166
22
13
-5
5
-4
-4
-4
-4
-4
-4
-4
-4
-4
-4
-4
-4
-4
-4
-4
-4
-4
-4
-4
-4
-4
-4
-4
4
4
4
4
4
3
3
3
3
4
3
3
3
3
3
3
3
3
3
3
3
3
3
3
-7
3
-6
3
4
-5
3
3
3
4
3
3
3
3
3
3
2
3
3
3
3
3
3
3
3
5
3
3
-12
-37
-127
-136
-145
-155
-163
-172
-181
-190
-199
195
186
177
168
159
150
141
132
123
-12
-21
-30
-39
-66
-75
-84
-102
-1
381
-4
951
-1
-1
0
-1
-1
-1
0
0
-1
-1
-1
-1
-1
-1
-1
0
-1
-1
-1
-1
-1
-1
-1
-1
-1
-1
0
-1
0
0
0
0
0
0
0
0
0
0
0
0
0
0
0
0
0
0
0
0
0
0
0
0
0
0
0
0
0
0
0
0
0
0
0
0
0
0
0
0
0
0
0
0
0
-1
0
0
0
0
0
0
0
0
0
0
0
0
0
0
0
0
0
0
0
0
0
0
0
0
0
0
0
0
0
0
-1
-1
-1
-1
-1
-1
-1
-1
0
0
0
0
0
0
0
0
0
0
0
0
0
0
0
0
0
0
0
0
0
0
0
8
-1
-1
-1
-1
-1
-1
-1
-1
-1
-1
-1
-1
-1
-1
-1
-1
-1
-1
-1
-1
-1
-1
-1
-1
-1
-1
-1
-1
-1
-1
-1
-1
-1
-1
-1
-1
-1
-1
-1
-1
-1
-1
-1
-1
-1
-1
-1
-1
-1
-1
-1
-1
-1
-1
-1
-1
-1
-1
-1
-1
-1
-1
-1
-1
-1
-1
-1
-1
-1
-1
-1
0
0
0
0
0
0
0
0
0
0
0
0
0
0
0
0
0
0
0
0
0
0
0
0
0
0
0
0
0
0
0
0
0
0
0
0
0
0
0
0
0
0
0
0
0
-1
0
0
0
0
0
0
0
0
0
0
0
0
-1
-1
-1
-1
-1
-1
-1
-1
-1
-1
-1
-1
-1
-1
-1
-1
-1
-1
-1
-1
-10
9
0
0
0
0
0
0
0
0
-1
-1
-1
-1
-1
-1
-1
-1
-1
-1
-1
-1
-1
-1
-1
-1
-1
-1
-1
-1
-1
-1
-1
-1
-1
-1
-1
-1
-1
-1
-1
-1
-1
-1
-1
-1
-1
-1
-1
-1
-1
-1
-1
-1
-1
-1
-1
-1
-1
0
0
0
0
0
0
0
0
0
0
0
0
0
0
0
0
0
0
0
0
0
0
0
0
0
-1
-1
-1
-1
-1
-1
-1
-1
-1
-1
-1
-1
-1
-1
-1
-1
-1
-1
-1
-1
-1
-1
-1
-1
-1
-1
-1
-1
-1
-1
-1
-1
-1
-1
-1
-1
-1
-1
-1
-1
0
0
0
0
0
0
-1
-1
-1
-2
-2
-1
-1
-1
-1
-1
-1
-1
-2
-2
-2
-2
-2
-2
-2
-2
-2
-2
-2
-2
-2
-2
-2
-2
-2
-2
-2
-3
-3
-4
-4
-4
4
4
4
4
3
2
2
2
2
2
2
3
3
3
3
3
3
3
3
3
3
3
3
3
3
3
3
3
3
2
2
2
2
2
2
2
2
2
2
2
-7
1
1
1
1
1
1
1
1
1
1
1
1
1
1
1
1
1
1
1
1
1
1
1
1
1
1
1
1
-8
2
2
2
2
2
2
2
2
2
2
2
2
2
2
2
3
3
2
2
2
2
2
2
2
2
2
2
2
2
2
2
2
2
1
1
1
1
1
1
1
1
1
1
1
1
1
1
1
1
1
1
1
1
1
1
1
1
1
1
1
1
1
1
1
1
1
1
1
1
1
1
1
1
1
1
1
1
1
1
1
1
1
1
1
1
1
1
1
1
1
1
1
2
2
2
2
2
2
2
2
2
2
2
2
2
2
2
2
2
2
2
2
2
2
2
2
2
1
1
2
1
2
1
1
1
1
1
1
1
1
1
1
1
1
1
1
1
1
1
1
1
1
1
1
1
1
1
1
1
1
1
1
1
1
0
0
0
0
0
0
0
0
0
0
0
1
1
1
1
0
0
0
0
0
0
0
0
0
0
0
0
0
0
0
0
0
0
0
0
0
0
0
0
0
-1
-1
-1
-1
-1
-1
-1
-1
-1
-1
-1
-1
-1
-1
-1
-1
-1
-1
-1
-1
-1
-1
-1
-1
-1
-1
-1
-1
-1
-1
-1
-1
-1
-1
-1
-1
-1
-1
-1
-1
-1
-1
-1
-1
-1
0
-1
0
-1
0
-1
-1
-1
-1
-1
-1
-1
-1
-1
-1
-1
0
0
0
0
0
0
0
0
0
0
0
0
0
-1
-1
-1
-1
-1
-1
-1
-1
-1
-1
-1
-1
-1
-1
-1
0
0
0
0
0
0
0
0
0
0
0
0
0
0
0
0
0
0
0
0
-1
-1
-1
-1
-1
-1
-1
-1
-1
-1
-1
-1
-1
-1
-1
-1
-1
-1
-1
-1
-1
-1
-1
-1
-1
-1
-1
-1
-1
-1
-1
-2
-2
-2
-2
-2
-2
-2
-2
-2
-2
-1
-1
-1
-1
-1
-1
-1
-1
9
0
0
0
0
0
-1
-1
-1
-1
-2
-1
-1
-2
-1
-1
-1
0
0
-1
-1
-1
-1
-2
-1
-2
-2
-2
-3
-2
-2
-2
-2
-2
-2
-2
-2
-2
-2
-1
-1
-1
-1
-1
-1
-1
-1
-1
-1
-2
-2
-1
-1
-1
-1
-1
-1
0
-1
-1
-1
-1
-1
-1
-1
-1
-2
7
-2
-2
-2
-2
-2
-2
-1
-1
-1
-1
-1
-1
-1
-1
-1
-1
-1
-1
-1
-1
-1
-1
-1
-1
-2
-2
-2
-2
-2
-2
-2
-2
-2
-2
-1
-1
-2
-2
-2
-2
-2
-1
-1
-2
-2
-2
-2
-1
8
-1
-1
-1
-2
-2
-2
-2
-2
-2
-2
-2
-2
-2
-2
-1
-1
-1
-1
-1
-1
-1
-1
-1
-1
-2
-2
-1
-1
-1
-1
-1
-1
-1
-1
-1
-1
-1
-1
-1
-1
-1
-1
-1
-1
-1
-1
-1
-1
-1
-1
-1
-1
-1
-1
-1
-1
-1
-1
-2
-2
-2
-2
-2
-2
-2
-2
-2
-2
-2
-2
-2
-2
-2
-2
-2
-2
-2
-1
-2
-2
-2
-1
-1
-1
-1
-1
-1
-1
-1
-1
-1
-1
-1
-2
-2
-2
-2
-2
-2
-2
-1
-1
-1
-1
-1
-1
-1
-1
-1
-1
0
0
0
0
-1
-1
-1
-1
9
0
0
0
0
0
0
0
0
0
1
1
0
0
0
0
0
0
0
0
0
0
0
0
0
0
-1
-1
-1
0
0
0
0
1
1
1
0
-1
-1
-1
9
-1
-1
-1
0
-10
10
1
2
1
1
1
1
2
1
1
1
1
1
1
2
2
2
2
2
2
1
2
2
2
1
2
3
3
2
2
1
1
0
0
0
0
0
-1
-1
-1
-1
-1
-1
-1
-1
-1
-1
-1
0
0
-1
-1
-1
-1
-1
-1
-1
-1
-1
-1
-1
0
0
0
-1
-1
-1
-1
-1
-1
-1
-1
-1
-1
-1
-1
-1
-1
-1
-1
-1
-1
-1
-2
-1
-1
-1
-1
-1
-1
-1
-1
-1
-1
-1
-1
-1
-1
-1
-1
-1
-1
-1
-1
-1
0
-1
0
-1
-1
-1
8
-1
-1
-1
-1
-1
-1
-1
-1
-1
-1
-1
-1
-1
-1
-1
-1
0
0
0
0
-1
0
0
0
-1
0
0
-1
1
0
0
0
0
0
0
0
0
0
1
1
1
1
-8
0
0
0
0
0
0
0
0
0
0
0
0
0
0
0
0
0
0
0
0
0
0
0
0
-1
-1
-1
0
-1
0
0
0
0
0
-1
-1
-1
0
0
0
0
0
0
0
0
0
0
0
0
0
0
0
0
0
0
0
0
0
0
0
0
0
0
0
0
0
-1
-1
0
0
0
0
0
0
0
0
0
0
0
0
8
-1
-1
-1
-1
-1
-1
-1
-1
-1
-1
-1
-1
-1
0
0
0
0
0
0
0
0
0
0
0
0
0
-1
-1
0
0
0
-1
-1
0
-1
-1
-1
-1
-1
0
-2
-1
-1
-1
-1
-1
-1
-1
-1
-1
-1
-1
-1
-1
-1
-1
-1
-1
-1
-1
-2
-2
-2
-1
-2
-2
-2
-2
-2
-2
-2
-2
-2
-1
-1
-1
-2
-1
-1
-1
-1
-2
-2
-2
-2
-2
-2
-3
-3
-3
-3
4
4
4
4
4
4
4
4
4
3
4
3
3
2
3
3
4
4
4
4
4
-4
4
4
3
3
3
2
2
-2
-2
-2
-2
-11
8
-1
-1
-1
-1
-2
-2
-2
-2
-2
-2
-2
-2
-2
-2
-2
-2
-2
-2
-2
-2
-2
-2
-2
-2
-2
-2
-2
-2
-2
-2
-2
-2
-3
-2
-2
-2
-2
-2
-2
-2
-2
-2
-2
-2
-2
-2
-2
-2
-2
-2
-2
-2
-2
-2
6
-4
-4
-3
-2
-3
-3
-3
-3
-3
-3
-3
-3
-3
-3
-3
-3
-3
-3
-3
-3
-3
-3
-3
-3
-3
-3
-3
-4
-4
-4
-4
-4
-4
-4
-4
-4
-4
-4
-4
-4
-4
-4
4
-4
-4
4
4
4
4
4
4
4
4
4
4
4
4
4
4
4
3
4
4
3
3
3
3
-3
-3
-3
-3
-3
-3
-4
-3
-4
-4
-4
-4
-5
3
3
3
3
3
3
3
-4
4
-4
-4
-4
-4
-4
-4
4
4
4
4
4
4
4
4
4
4
4
4
4
-4
-4
-4
-4
-4
-4
-4
-4
-4
-4
4
4
4
4
4
4
4
4
4
4
-4
-4
-4
-4
-4
-4
-4
-3
6
-3
-3
-3
-3
-2
-3
-3
-3
-3
-3
-3
-3
-2
-3
-2
-2
-2
-2
-2
-2
-2
-2
-2
-2
-2
-2
-2
-2
-2
-2
-2
-2
-3
-3
-3
-3
-3
-3
-3
-3
-3
-3
-4
5
-4
-4
-4
-4
-4
-4
-3
-4
-4
-4
-4
-4
-4
-4
-4
-4
-4
-4
-4
-4
-4
-4
-4
-4
-4
-4
-4
-3
-3
-3
-3
-3
-3
-3
-3
-3
-3
-2
-2
-2
-3
-2
-2
-2
-3
-3
-3
-3
-3
-3
-3
-3
-3
-3
-3
-3
-3
-3
-3
-3
6
-3
-3
-3
-3
-3
-3
-3
-3
-2
-3
-3
-3
-3
-3
-3
-3
-3
-3
-3
-3
-3
-3
-3
-3
-3
-3
-3
-3
-3
-2
-3
-3
7
-3
-3
-3
-2
-2
-2
-2
-2
-2
-2
-2
-2
-2
-2
-2
-2
-2
-2
-2
-2
-2
-2
-2
-2
-2
-2
-2
-2
-2
-2
-2
-2
-2
-2
-2
-2
-2
-2
-2
-2
-2
-2
-2
-2
-2
-2
-2
-2
-3
-3
-3
-3
-3
-3
-3
-3
-3
-3
-4
-4
-4
-4
-3
-4
-4
5
4
4
4
-5
5
-4
-4
-4
-4
-4
-4
-4
-4
-4
-4
-4
-4
-4
-4
-4
-4
-4
-4
-4
-4
4
-4
-4
-4
4
-4
-4
-4
-4
-4
-4
-4
-4
-4
-4
-4
-4
-4
-4
-4
-4
-4
-4
-4
-4
-4
-4
-4
-4
-4
6
-3
-3
-3
-3
-3
-3
-3
-3
-3
-3
-3
-3
-3
-3
-3
-3
-3
6
-3
-3
-3
-3
-4
-3
-3
-3
-3
-4
-4
-4
-4
-4
-4
-4
-4
-4
-4
-3
-3
-3
-3
-3
-3
-3
-3
-3
-3
-3
-3
-3
-3
-3
-3
-3
-4
-4
-4
-4
-4
-4
-4
-4
-4
-4
-4
-3
-3
-4
-4
-3
-4
-4
-3
-4
-3
-3
-3
-4
6
-3
-4
-4
-4
-4
-4
-4
-3
0
-2
-2
7
-2
-2
-2
7
-2
-4
-3
-12
5
-3
-1
-9
1
1
0
0
0
0
0
0
-1
-1
-1
-1
-1
-1
-1
-1
9
0
0
0
0
1
1
1
1
1
1
1
1
1
0
0
0
0
1
-8
1
1
1
1
1
1
1
2
3
2
2
3
2
3
3
3
2
2
2
2
3
2
2
2
2
2
2
2
-7
1
1
1
1
1
1
1
1
1
1
1
1
1
1
1
1
2
1
1
1
1
2
1
1
1
1
1
1
1
1
1
1
1
1
1
1
1
-8
1
2
2
2
3
3
3
3
3
3
-6
3
3
3
3
3
3
3
3
3
3
3
4
3
3
3
3
3
3
3
3
4
3
4
4
4
4
4
4
4
3
3
3
3
3
3
3
3
3
3
3
3
3
3
3
3
3
3
3
3
3
3
3
2
2
3
2
2
2
2
3
3
3
3
3
3
3
3
3
3
3
3
3
3
3
3
3
3
4
4
4
4
4
4
4
4
4
4
4
4
4
4
4
4
4
4
4
4
4
-4
-4
-4
-4
-3
-3
-4
-3
-3
-12
4
-5
4
4
4
4
4
4
4
4
4
4
4
4
4
4
4
4
4
5
-4
-4
4
4
4
4
4
4
4
4
4
4
4
4
4
4
4
4
4
4
4
4
4
4
4
4
4
4
4
4
4
4
4
4
4
4
4
4
4
4
4
4
3
4
4
4
3
3
3
3
3
3
3
3
3
3
3
3
3
3
3
3
3
3
3
3
3
3
3
3
3
4
4
4
4
4
4
4
4
4
4
4
3
3
3
3
3
3
4
4
4
4
4
4
3
4
4
3
3
3
4
3
4
3
3
3
3
3
3
3
3
4
3
3
3
3
4
4
4
4
4
4
4
4
-4
4
4
4
4
4
-4
4
-4
-4
-4
-4
-4
-4
-4
-4
-4
-4
-4
-4
-4
-4
-4
-4
-4
4
4
4
4
4
4
4
4
4
4
4
4
4
4
4
4
4
4
4
4
4
4
4
4
4
4
4
4
4
4
4
4
4
4
4
-4
4
4
4
4
4
4
4
4
4
4
4
4
4
4
4
4
4
4
4
4
4
4
4
4
4
3
3
-6
3
3
3
2
2
2
2
2
-7
3
3
3
3
3
3
3
3
3
3
3
-6
2
2
2
2
2
2
2
2
2
2
2
2
2
2
2
2
2
2
2
2
2
2
2
2
2
2
2
2
2
2
2
2
2
2
2
2
2
2
2
-7
2
2
-7
1
-8
11
2
2
2
2
2
2
2
2
2
2
2
2
2
2
2
2
2
2
2
2
2
2
2
2
2
2
2
2
2
2
2
2
2
2
2
2
2
2
2
1
1
1
1
0
0
0
0
0
0
1
1
1
1
1
1
1
1
1
1
1
1
1
1
1
1
1
1
1
1
1
1
1
1
1
0
0
0
0
0
0
0
0
0
1
1
1
1
1
1
1
0
0
0
0
0
0
0
0
0
0
0
0
0
0
9
0
1
0
1
1
1
1
1
1
1
1
1
1
1
1
1
0
1
1
1
1
1
0
0
1
0
1
0
0
0
0
0
1
0
1
1
1
1
1
1
1
1
1
1
1
-8
0
0
0
-1
0
0
0
0
0
0
0
0
0
0
0
0
0
0
0
0
0
0
0
0
-1
0
0
0
0
0
0
0
0
-1
-1
0
0
0
0
0
0
0
-1
0
0
0
-1
-1
-1
0
-1
-1
-1
-1
-1
-1
-1
-2
0
0
0
-1
-1
-1
-1
0
0
0
0
0
0
0
-1
-1
9
0
-1
-1
-1
-1
9
0
0
-1
0
8
-1
-1
-1
-1
-1
8
-1
-1
-2
-1
-1
-1
-1
-2
-2
-2
-2
-2
-2
-2
-2
-2
-2
-2
-2
-2
-2
-2
-3
-2
-3
-3
-3
-3
-3
-3
-3
-2
-3
-3
-2
-3
-3
-3
-2
-3
7
-3
-3
-3
-3
-3
-3
-3
-3
-3
-3
-3
-3
-3
-3
-3
-3
-3
-3
-3
-3
-3
6
-3
-3
-3
-3
-3
-3
-2
-11
-20
-29
23
14
5
-4
-4
-4
-4
-4
-4
-4
-4
-4
-4
-4
-4
4
-5
5
4
4
3
3
3
3
3
3
4
4
4
4
4
4
4
4
4
4
3
4
3
3
3
3
3
3
3
3
3
-6
3
4
4
-4
4
5
-4
-13
-22
23
14
5
-4
-4
-4
-4
-4
-4
4
4
4
4
4
4
4
4
4
-4
4
4
5
-4
5
4
5
-4
-4
-4
-4
-4
-4
-4
-4
-4
-4
-4
-4
-4
-4
-4
-4
-4
-4
-4
-4
-4
-4
-4
5
-4
-4
-4
4
4
4
4
3
3
3
3
4
4
4
4
4
4
4
4
4
4
4
4
4
4
4
4
4
5
-4
-4
-4
-4
-4
-4
-3
-4
-4
-3
-4
-4
-4
-3
4
-5
5
4
4
4
4
4
4
-4
4
-4
-4
4
-3
-3
-3
-12
6
-3
-4
-3
-3
-3
-4
-4
-4
-3
-12
-21
-30
-39
-48
-57
59
49
41
32
-4
-4
6
-3
43
25
16
7
-2
-11
-20
-29
-38
-47
-65
-74
-83
-102
-111
-120
-130
-138
-147
-1
-2
-2
-2
-2
-2
-1
-2
-2
8
-1
-1
-1
-1
-1
-1
-1
-1
-1
-1
0
-2
-2
-2
-2
0
-2
2
1
0
0
0
0
0
0
7
-3
-3
-3
-3
-3
-3
-3
-2
-2
-2
-2
-2
-2
-2
-2
-2
-2
-2
-2
-2
1
1
1
2
1
1
1
1
0
0
0
0
1
0
1
1
0
0
0
0
0
0
0
0
0
-1
0
-1
-1
-1
-1
-1
9
0
0
0
9
-1
-1
-1
-1
-1
0
-1
1
0
0
0
0
-1
0
0
0
0
0
0
0
0
0
0
0
0
0
0
0
1
0
0
1
1
0
0
0
0
0
0
0
0
0
9
0
0
-9
9
0
0
0
0
0
9
0
0
1
0
0
0
0
0
0
0
0
0
0
0
0
0
1
2
2
1
2
2
2
2
2
2
2
2
2
2
2
2
2
2
2
2
2
2
2
2
1
1
1
1
1
1
1
1
1
1
1
1
1
1
1
-8
1
1
2
-7
2
2
1
2
2
-7
2
3
3
-7
2
2
-7
-16
-25
-34
-42
-52
-61
-70
-79
-88
-106
102
93
84
75
66
57
48
39
30
21
12
3
3
3
2
3
3
3
3
3
3
3
4
4
3
3
3
3
3
4
4
3
-6
3
4
4
4
3
3
3
3
-6
3
3
3
3
4
3
3
3
3
3
3
-6
3
4
4
4
4
4
3
4
4
4
4
4
4
4
4
1
-9
1
1
1
1
2
2
2
2
2
2
-6
-16
-25
20
11
2
2
-7
2
-7
-16
-25
-34
-43
-52
-61
-70
-79
-88
-97
-106
-115
-124
119
110
101
92
83
74
65
56
47
38
29
20
11
2
2
2
2
2
2
2
2
2
2
2
3
4
2
2
-7
-16
-25
-43
38
29
3
2
2
3
3
3
3
3
3
2
3
2
2
11
2
-7
12
3
-6
3
-143
-234
310
301
220
211
202
192
130
121
112
103
94
84
76
67
48
30
22
12
3
-6
20
11
2
3
-6
2
-7
2
3
-6
3
3
3
3
3
3
3
3
3
3
-6
3
3
3
3
3
-6
4
3
3
3
3
-6
3
-6
3
3
3
3
3
3
3
3
3
3
3
3
3
-6
4
4
4
4
4
4
4
4
3
3
3
3
3
3
3
3
3
3
2
3
3
3
3
3
3
3
2
3
2
2
2
3
2
2
2
2
2
2
2
2
2
2
-7
-16
12
3
3
3
3
3
3
3
3
2
3
2
2
2
-7
-17
10
1
-60
39
30
21
12
3
3
3
4
-6
3
3
-6
3
-6
-33
39
29
21
12
3
-6
12
3
-6
3
3
3
3
3
3
3
3
3
3
-6
4
3
-5
4
-5
4
4
4
4
4
4
4
4
4
4
4
4
4
4
4
4
5
4
4
4
4
4
4
5
4
4
4
4
4
4
4
4
4
4
4
4
-5
-4
5
-4
-4
-4
-4
4
5
-13
-22
22
13
4
4
4
4
4
4
4
4
4
4
4
4
4
4
4
4
4
4
4
4
4
-5
5
4
5
-4
4
5
-4
13
4
5
-4
5
-4
-4
-4
-4
3
3
5
4
3
-5
-4
-4
-4
-4
-4
-4
-4
-4
-4
-4
-4
-4
4
-4
4
-4
4
4
4
4
4
4
-4
4
4
4
4
4
-4
-4
-3
-4
-5
4
-5
-14
-23
-32
-5
-356
-366
-438
496
306
-1294
808
357
60
-238
-318
134
-1
-1
-1
0
-1
-1
-1
0
0
0
-1
-1
-1
-1
-1
-1
-1
-1
-1
-1
-1
-1
-1
-1
-1
-1
-1
-1
0
0
0
0
0
0
0
0
0
0
0
0
0
0
0
0
0
0
0
0
0
0
0
0
0
0
0
0
0
0
0
0
0
0
0
0
0
0
0
0
0
0
0
0
0
0
0
0
0
0
0
0
0
0
0
0
0
0
0
0
0
0
0
0
0
0
0
0
0
0
0
0
0
0
0
0
0
0
0
-1
-1
-1
-1
-1
-1
0
0
0
0
0
0
0
0
0
0
0
0
0
0
0
0
0
0
0
0
0
0
0
0
0
0
0
0
0
0
0
0
-1
-1
-1
-1
-1
-1
-1
-1
-1
-1
-1
-1
-1
-1
-1
-1
-1
-1
-1
-1
-1
-1
-1
-1
-1
-1
-1
-1
-1
-1
-1
-1
-1
-1
-1
-1
-1
-1
-1
-1
-1
-1
-1
-1
-1
-1
-1
-1
-1
-1
0
8
-1
-1
-1
-1
-1
-1
-1
-1
-1
-1
-1
0
0
0
0
0
0
0
0
0
0
0
0
0
0
0
0
0
0
0
0
0
0
0
0
0
0
0
0
0
0
0
0
0
0
0
0
0
0
0
0
0
0
0
0
0
0
0
0
0
0
0
0
0
0
0
0
0
0
0
0
0
0
0
0
-1
-1
-1
0
-1
-1
-1
-1
-1
-1
-1
-1
0
0
0
0
0
0
0
0
0
0
0
0
0
0
-1
-1
-1
-1
-1
-1
-1
-1
0
-1
-1
-1
-1
-1
-1
-1
-1
-1
-1
-1
-1
-1
-1
-1
-1
-1
-1
-1
-1
-1
-1
-1
-1
-1
-1
-1
-1
-1
-1
-1
-1
-1
-1
-1
-1
-1
-1
-1
-1
-1
-1
-1
9
0
0
0
0
0
-1
-1
-1
-1
-1
-1
-1
-1
-1
-1
0
-1
0
0
0
0
0
0
0
0
0
0
0
0
0
0
0
0
0
0
0
0
0
0
0
0
0
0
0
0
0
0
0
0
0
0
0
0
0
-1
-1
-1
-1
-1
-1
-1
-1
-1
-1
-1
-1
0
0
-1
-1
-1
-1
-1
-1
-1
-1
-1
-1
-1
-1
-1
-1
-1
-1
-1
-1
-1
-1
-1
-1
-1
-2
-2
-2
-2
-2
-2
-2
-2
-2
-2
-3
-3
-3
4
4
-5
11
2
2
2
2
3
3
3
3
3
3
3
3
3
3
3
3
3
3
3
3
3
3
3
3
2
2
2
2
2
2
2
2
2
2
2
2
2
2
1
1
1
2
2
2
2
2
2
2
2
2
2
2
2
2
2
2
-7
1
1
2
1
1
1
2
1
1
1
1
1
1
1
2
3
3
3
4
4
4
4
4
4
3
3
3
3
3
3
-6
3
2
2
2
2
2
2
2
3
3
2
2
2
2
2
1
2
2
2
2
2
2
2
1
1
1
1
1
2
1
1
1
2
2
2
2
2
2
2
2
1
0
1
1
1
1
1
1
1
1
1
1
1
1
1
1
1
1
1
1
1
1
1
1
1
2
-7
2
2
2
2
2
2
2
2
2
2
2
2
2
2
2
2
2
1
1
1
1
1
1
1
1
1
1
1
1
1
1
1
1
1
1
1
1
1
1
1
1
1
1
1
1
1
1
1
1
1
1
1
1
1
1
1
1
1
1
1
1
0
0
0
0
0
1
1
1
0
0
0
0
0
0
0
0
0
0
0
0
0
0
0
0
0
0
0
0
0
0
0
0
0
0
0
0
8
-1
-1
-1
-1
-1
-1
-1
-1
-1
-1
-1
-1
-1
-1
-1
-1
-1
-1
-1
-1
0
0
0
0
0
0
0
0
0
0
0
0
0
0
0
0
0
0
0
0
0
0
0
0
0
0
0
0
0
0
0
0
0
0
0
0
-1
-1
-1
-1
-1
0
0
0
0
0
-1
-1
-1
-1
-1
-1
-1
-1
-1
-1
-1
-1
-1
-1
-1
-1
-1
-1
-1
-1
-1
-1
-1
-1
0
0
0
0
0
0
0
0
0
0
0
0
-1
-1
-1
-1
-1
0
0
0
0
0
0
-1
-1
-1
-1
-1
-1
-1
-1
-1
-1
-1
-1
-1
-1
-1
-1
-1
-1
-1
-1
-1
-2
-2
-2
-2
-2
-3
-3
-3
-3
-3
-3
-3
-3
-3
6
-3
-12
-21
-30
-39
31
22
13
4
4
4
3
3
4
4
4
4
4
-5
5
-4
-4
-4
-3
-3
-4
7
-3
-3
-3
-3
-3
-2
-2
-3
-12
-21
19
10
1
1
1
0
0
1
0
1
0
0
0
0
0
0
0
0
0
0
-1
-1
0
0
0
0
-1
-1
-1
-1
-1
-1
-1
-2
-2
-2
-2
-2
-2
-2
-2
0
0
0
0
0
0
0
0
-1
-1
-1
-1
-1
-2
-2
-2
-2
-2
-2
-2
-2
-2
-2
-2
-2
-2
-2
-2
-2
-2
-2
-2
-2
-2
-2
-2
-2
-2
-2
-3
-3
-3
-3
-3
-3
-3
-3
-3
-3
-3
-1
-1
-1
-2
-2
-2
-2
-2
-1
-1
-1
-1
-1
-1
-2
-1
-1
-2
-1
-1
-1
-1
-1
-1
-1
-1
-1
-1
-1
-1
-1
-1
-1
-1
-2
-2
-2
-2
-2
-1
-2
-1
-1
-1
-2
-2
7
-3
-3
-3
-3
-3
-3
-3
-3
-3
-3
-3
-2
-2
-2
-2
-2
-2
-3
-2
-2
-2
-2
-2
-2
-2
-3
-3
-3
-3
-3
-3
-3
2
2
2
2
1
1
1
2
2
2
2
1
1
1
1
1
1
1
2
2
2
2
2
2
2
2
1
1
-9
1
1
1
1
1
0
1
0
0
0
3
2
2
3
3
2
2
2
2
2
-3
-3
-3
7
-3
-3
-3
-3
-12
-21
19
10
0
1
1
1
1
1
3
3
3
3
2
2
3
2
2
2
1
1
1
1
1
1
1
1
1
1
0
0
0
0
0
0
0
0
0
0
0
0
0
0
0
0
0
0
0
0
0
0
0
0
0
0
0
0
0
0
0
0
0
0
0
0
0
0
0
0
0
0
0
0
0
0
-1
-1
-1
-1
-1
-1
-1
-1
-1
-1
-1
-1
-1
-1
-1
0
0
0
0
0
0
0
0
0
0
-1
-1
-1
-1
-1
-1
-1
-1
-1
-1
-1
-1
-1
-1
-1
0
0
0
0
0
-1
-1
-1
-1
-1
-1
-1
-1
-1
-1
-1
-1
-1
-1
0
0
0
0
1
1
1
1
1
0
0
0
0
0
0
0
0
0
0
0
0
0
0
1
0
0
0
0
0
0
0
0
0
0
0
0
0
0
0
1
1
-1
-1
-1
-1
-1
0
0
0
0
0
0
0
1
1
1
1
-8
10
1
1
1
1
1
0
1
0
1
0
-1
1
1
1
1
1
1
0
1
0
0
0
0
0
0
0
0
0
0
0
0
0
0
0
-1
-1
-1
0
-1
-1
0
0
-1
-1
-1
-1
-1
-1
-1
-1
-1
0
0
0
0
0
0
0
0
0
0
0
-1
-1
-1
-1
-1
-1
-1
-1
-1
-1
-1
-1
-1
-1
-1
-1
-1
-1
0
0
0
0
0
0
0
0
0
0
0
0
0
0
0
0
0
0
-1
-1
-1
-1
-1
-1
-1
-1
-1
-1
-1
-1
-1
-1
-1
-1
-1
-1
-1
-1
-1
-2
-2
-2
-2
-2
-2
-3
-3
-3
-3
-3
4
4
4
4
4
4
4
4
4
3
3
3
3
2
2
2
3
3
3
3
3
3
3
3
3
3
3
3
3
3
3
3
3
3
3
3
3
3
-4
-2
-2
-2
-2
-3
-3
-3
-3
-3
-3
-3
-3
-3
-3
-3
-3
-3
-3
-3
-3
-3
-3
-3
-3
-3
-3
-3
-3
-3
-3
-3
-3
-3
-3
-3
-3
-4
-3
-3
-3
-3
-3
-3
-3
-3
-3
-3
-3
-3
-3
-3
-3
-3
-3
-3
-3
-3
-3
-3
-4
-13
5
4
4
4
4
5
4
4
4
4
4
4
4
4
4
4
4
4
4
4
4
4
4
4
4
4
4
4
4
3
3
2
3
3
3
3
3
3
3
3
3
3
3
3
3
3
3
3
3
3
3
2
2
2
2
3
3
3
4
4
4
4
4
4
4
4
-4
-4
-4
-4
-4
-4
-13
20
11
1
1
1
1
1
1
1
2
2
2
2
2
2
2
2
2
2
2
3
3
3
3
3
3
3
3
2
3
2
2
2
-7
3
3
4
3
3
4
4
4
-5
-14
12
3
4
3
3
3
3
-6
2
2
3
4
4
4
4
4
4
4
4
-5
12
3
4
3
3
3
3
3
3
3
3
3
4
3
4
4
4
-4
-4
-4
-4
-4
-4
-4
-4
-4
-4
-4
-4
-4
-4
4
4
4
4
4
4
4
4
4
4
4
4
4
4
4
4
4
4
4
4
4
4
4
4
4
4
4
4
4
4
4
4
4
4
4
4
4
4
4
4
4
4
4
4
4
4
4
4
4
4
4
4
4
-4
4
4
4
4
4
4
4
4
4
4
4
4
4
-5
4
4
4
5
-4
-4
-4
-4
-4
-4
-4
-4
-4
13
5
4
4
4
4
4
4
4
4
4
4
4
4
4
4
4
4
4
4
4
4
4
4
4
4
4
-5
13
4
4
4
4
4
4
4
4
-4
-4
-4
-3
-3
-3
-3
-3
-3
-3
-3
-3
-4
-4
-4
-4
-4
-4
-4
-4
-4
-4
-4
-4
-4
-4
-4
-4
-4
-4
4
-4
-4
-4
-4
-4
-4
-4
-4
-4
-5
3
3
3
3
3
3
3
3
3
3
3
3
3
3
3
3
3
3
3
3
3
3
3
3
3
3
3
3
3
2
2
2
2
2
2
2
2
2
2
2
2
2
2
2
2
2
2
2
2
2
2
2
2
2
2
2
2
2
3
3
3
3
3
3
3
3
3
3
3
3
3
3
3
3
3
3
3
3
3
3
3
3
3
3
3
3
3
3
3
3
3
3
3
3
4
3
4
4
4
4
-5
5
-4
-4
-4
-4
4
4
4
4
4
4
4
4
-4
-4
-4
-4
-4
-4
-4
-4
-4
-4
-4
-4
-4
-4
-4
-4
-4
-4
-4
-4
-4
-4
-4
-4
-4
-4
-4
-4
-4
-4
-4
-4
-4
-4
-4
-4
-3
-3
-3
-3
-3
-3
6
-3
-3
-3
-3
-3
-3
-3
-3
-3
5
-4
-4
-4
-4
-4
-4
-4
-4
-4
-4
-4
-4
-4
-4
-4
-4
-4
-4
-4
-4
-4
-4
-3
-4
-4
-4
-4
-4
-4
-4
-4
-4
-4
-4
-4
-2
-2
-2
-3
-2
-3
-3
-3
-2
-2
7
-3
-3
-3
-3
-3
-3
0
0
0
0
0
1
1
1
1
1
1
1
1
1
1
-8
1
1
1
0
0
0
0
0
0
0
0
0
0
0
1
0
1
1
1
1
1
9
0
0
1
1
1
1
1
1
1
1
1
1
1
1
1
1
1
1
1
1
2
2
2
2
2
2
2
2
2
2
2
2
2
2
2
2
2
2
2
2
2
2
2
2
2
2
2
2
2
2
2
2
2
2
2
2
2
2
2
2
2
2
2
2
2
2
2
2
2
2
2
2
2
2
2
2
2
2
2
2
2
2
2
2
2
2
2
2
2
2
2
3
3
3
3
3
2
-6
3
1
-7
3
2
3
3
3
3
3
3
3
3
3
3
3
3
3
3
3
3
3
3
3
3
3
3
3
3
3
3
3
3
3
3
3
3
2
3
2
2
2
2
2
2
2
2
2
2
2
2
2
2
2
2
2
2
2
1
2
1
2
2
2
2
2
2
2
2
2
2
2
2
2
2
2
2
2
2
2
2
2
2
2
2
2
2
2
2
2
2
2
2
2
1
3
2
3
3
3
-6
3
3
3
3
4
3
3
3
3
3
2
2
2
2
2
2
2
2
2
2
2
2
2
2
2
2
2
3
2
2
2
2
2
2
2
2
2
2
2
2
2
2
3
3
3
3
3
3
3
3
3
3
3
3
3
3
3
3
3
3
3
2
3
3
3
3
3
3
3
3
3
3
3
3
3
3
3
3
3
3
3
3
3
3
3
3
3
3
3
3
3
3
3
3
3
3
3
3
3
3
3
3
3
3
3
3
4
3
4
3
4
3
3
3
3
3
3
3
3
3
3
3
3
3
3
3
3
3
3
3
3
3
3
3
3
4
3
3
3
3
3
3
3
3
3
3
4
3
4
3
3
3
-5
4
4
4
4
4
4
4
3
4
4
4
-5
4
3
3
3
3
3
3
3
3
3
3
3
3
3
3
3
3
3
3
3
3
3
3
3
3
3
3
3
3
3
3
3
3
3
3
3
3
3
3
3
2
3
3
3
3
3
3
3
3
3
3
3
3
3
3
3
3
3
3
3
3
3
3
3
3
3
3
3
3
3
3
3
3
3
3
3
3
3
3
3
3
3
3
3
3
3
3
3
3
3
3
3
3
3
3
3
2
2
2
2
2
2
2
2
2
2
2
2
2
2
2
2
2
2
2
2
2
2
2
2
2
2
2
2
3
3
3
3
2
3
3
3
3
3
2
2
2
2
2
2
2
2
2
2
2
2
-7
2
2
2
2
2
1
2
2
2
2
1
2
2
2
2
2
2
2
2
2
2
2
2
2
2
2
2
2
2
2
2
2
2
2
2
2
2
2
2
2
2
2
2
2
2
2
-7
2
1
1
1
1
1
1
2
1
1
1
1
1
1
1
1
1
2
2
2
2
2
2
2
2
2
2
2
2
2
2
2
2
2
2
2
2
2
2
2
2
2
2
2
1
3
3
3
3
3
3
3
3
3
3
3
3
4
3
2
3
2
2
2
2
2
2
2
2
-7
-16
12
3
3
3
3
3
3
3
2
3
3
3
2
1
2
3
3
3
3
3
3
3
3
3
3
4
-5
4
3
4
-5
-14
-23
-32
-41
39
30
11
2
2
2
2
3
2
3
3
3
3
3
-6
4
-5
-14
-23
-32
-41
-50
-59
57
48
39
30
20
12
3
-16
-25
-34
-42
-52
-61
-70
-79
-88
-97
93
85
76
57
48
39
30
21
12
3
3
4
4
4
4
4
-4
4
4
-4
-4
-23
-31
-41
-50
-59
-68
-77
-86
-95
-104
-113
-122
-131
-140
-149
-158
-166
-175
-184
-202
-211
-220
-230
-238
-247
-257
-283
293
275
266
257
248
239
230
221
212
203
194
185
176
167
158
149
140
131
122
113
104
95
86
77
68
59
50
41
32
23
14
5
-4
4
5
4
5
-4
-4
-4
4
5
-4
4
4
4
4
4
4
4
4
4
4
4
4
4
-3
-3
-3
-3
-3
-3
-3
-3
-3
-3
-3
-3
-3
-3
-3
-3
-3
-3
-3
-3
-3
-3
-3
-3
-3
-3
-3
-3
-3
-4
-4
4
4
4
4
4
4
4
4
4
4
4
4
4
4
4
4
4
4
4
4
4
4
4
4
4
4
4
4
4
4
4
4
4
4
4
4
4
4
4
4
4
4
4
4
4
4
4
3
4
4
4
4
4
4
4
4
4
4
4
4
4
4
4
4
4
4
4
4
4
4
4
3
4
4
4
4
4
4
4
4
4
4
4
4
4
4
4
4
4
3
4
3
3
3
4
4
4
4
-4
4
4
-4
4
4
4
4
4
-4
4
4
4
4
-4
-4
-4
-4
-4
4
4
4
4
4
4
4
-5
4
4
4
4
4
3
4
4
4
4
4
4
4
4
4
4
4
4
4
4
4
4
4
4
4
4
4
4
4
4
4
4
-4
4
5
-4
6
-4
-3
-3
-3
-4
-3
-3
-3
5
-3
-4
-13
-22
-31
-40
49
40
31
13
4
4
4
4
4
4
4
4
4
4
4
4
4
4
4
4
4
4
4
4
4
5
-4
-4
5
-4
5
-4
-3
-4
-4
-4
-4
-4
-13
-22
-31
-40
49
40
31
22
13
4
-5
4
4
4
4
3
4
-5
4
5
-4
-4
-13
14
5
-4
-4
-4
-4
-4
-4
-4
-4
-3
-4
5
-4
-4
-4
-3
-3
-3
-3
5
-4
-4
-3
-4
-4
-4
-4
-4
-4
-4
4
4
4
4
5
-4
-4
-4
-3
-4
-4
-4
-4
-4
-4
-4
-4
-4
-4
-4
-4
-4
5
-4
-4
-4
4
5
-4
-4
-4
-4
-4
-3
-4
-4
-3
-2
-2
-3
-3
-3
-3
-3
-3
-12
-21
-30
32
23
14
5
-3
-3
-3
-3
-3
-3
-3
-3
-3
-3
-3
-4
-4
-3
-3
-3
-3
-3
-3
-3
-3
-3
-3
-3
-3
-3
-3
-2
-3
-3
-3
-3
-3
-3
-3
-3
-3
-3
-3
-3
-3
-12
7
-2
-2
-2
-2
-2
-3
-3
-3
-3
-3
-3
-3
-3
-4
-3
-3
-2
-3
6
-3
-3
-3
-3
-3
-3
-3
-3
-4
-3
-3
-12
15
6
-3
-1
-1
-1
-1
-2
-2
-2
-2
7
-2
-1
-1
-1
-1
-1
-1
-1
-1
-2
-1
-1
-1
-1
-1
-1
-2
-2
-2
-2
-10
34
25
16
7
-2
-2
-2
-2
-2
7
-3
4
-3
-3
-3
-3
-3
-3
-3
-3
-3
-3
-3
-3
-3
-3
-3
-3
-3
-3
-3
-3
-3
-3
-3
-3
6
-3
-3
-3
-2
-3
-3
-4
-2
-4
-4
-3
-3
-4
-3
-3
-3
-3
-3
-3
-3
-3
-3
-3
-1
-1
-1
-1
-1
0
0
0
0
0
0
0
-9
1
1
1
1
0
1
1
1
1
0
1
1
1
1
1
1
1
1
0
0
1
0
0
0
0
0
0
0
1
0
0
0
0
0
0
0
0
-1
-9
0
0
1
0
0
0
0
0
0
0
0
0
0
0
0
0
0
0
0
0
0
1
-8
0
0
0
0
0
0
1
1
9
0
1
1
0
1
1
1
-8
1
2
0
2
2
2
3
3
3
2
2
2
3
3
3
2
2
2
2
2
2
2
2
2
2
2
2
2
2
2
2
2
2
2
2
2
2
2
2
2
2
2
2
2
2
3
3
4
4
3
4
4
4
-6
4
-5
3
-4
-4
-4
-2
-3
-126
142
133
124
115
106
97
79
-3
-1
-1
-2
0
-1
-1
-1
9
0
-1
0
0
0
-1
-1
-1
-1
-1
-1
-1
0
0
0
0
0
0
0
0
0
0
0
-9
-27
-36
-64
-73
-81
-90
-99
-108
-117
-126
-135
-144
-153
-171
-180
-189
-198
-207
-216
-225
-234
-244
-252
-262
-271
-280
-289
-298
-307
-316
-325
-333
-343
-352
-361
290
272
263
254
245
154
146
137
128
119
110
83
38
29
20
-7
2
2
2
2
-4
4
-5
4
3
4
3
3
3
3
3
3
3
3
3
3
2
3
3
4
3
3
3
3
3
4
3
4
3
-6
3
4
3
3
-6
3
3
4
4
4
4
4
-5
4
4
4
2
2
2
3
2
2
2
2
2
2
2
2
2
2
2
2
2
2
2
2
3
3
3
3
3
3
3
3
3
-6
3
3
3
3
3
3
3
3
3
3
3
3
3
3
3
3
2
3
3
3
3
2
0
3
3
3
3
-6
3
3
3
2
2
2
2
3
2
2
2
2
-7
2
2
2
2
2
2
1
2
2
2
2
2
2
2
2
1
2
-7
2
1
2
0
-6
3
3
3
3
4
3
3
3
3
3
3
3
4
4
3
4
3
3
3
3
3
3
4
-5
4
4
4
4
-5
4
4
4
4
4
4
4
4
4
4
4
4
4
4
4
4
4
4
4
-4
5
-4
-4
4
-4
-3
-13
22
13
4
-5
5
13
4
4
4
4
5
4
1
-26
962
-13
68
27135
24202
0
-1
-1
-1
0
0
-1
-1
-1
0
0
0
0
0
0
0
0
0
0
0
0
0
0
0
0
0
0
0
0
0
0
0
0
0
0
0
0
0
0
0
0
-1
-1
-1
-1
-1
0
0
0
0
-1
-1
-1
-1
-1
-1
-1
-1
-1
-1
-1
-1
-1
-1
-1
-1
-1
-1
-1
-1
-1
-1
-1
-1
-1
-1
-1
-1
-1
-1
-1
-1
-1
-1
-1
-1
-1
-1
-1
-1
-1
-1
-1
-1
-1
-1
-1
-1
-1
-1
-1
-1
0
0
0
0
0
0
-1
-1
-1
-1
0
0
0
0
-1
-1
-1
-1
-1
-1
-1
-1
-1
8
-1
-1
-1
-1
-1
-1
-1
-1
-1
-1
-1
-1
-1
-1
-1
-1
-1
-1
-1
-1
0
0
0
0
-1
-1
-1
-1
-1
-1
-1
-1
0
0
0
0
0
0
0
0
0
0
0
0
0
0
0
0
0
0
0
0
0
0
0
0
-1
-1
-1
-1
-1
-1
-1
-1
-1
-1
-1
-1
-1
-1
-1
-1
-1
-1
-1
-1
-1
-1
-1
-1
-1
-1
-1
-1
-1
-1
-1
-1
-1
-1
-1
-1
-1
-1
-1
-1
-1
-1
-1
-1
-1
-1
-1
-1
-1
-1
-1
-1
-1
-1
-1
-1
-1
-1
-1
-1
-1
-1
-1
-1
-1
-1
-1
-1
-1
-1
-1
-1
-1
-1
-1
-1
-1
-1
-1
-1
-1
-1
-1
-1
-1
-1
-1
-1
-1
-1
-1
-1
-1
-1
-1
-1
-1
-1
-1
-1
-1
-1
-1
-1
-1
-1
-1
-1
-1
-1
-1
-1
-1
-1
-1
-1
-1
-1
-1
-1
-1
-1
-1
-1
-1
-1
-1
-1
-1
-1
-1
-1
-1
-1
-1
-1
-1
-1
-1
-1
-1
-1
-1
-1
-1
-1
-1
-1
-1
-1
-1
-1
-1
-1
-1
-1
-1
-1
-1
-1
-1
-1
-1
-1
-1
-1
-1
-1
-1
-1
-1
-1
-1
-1
-1
-1
-1
-1
-1
-1
-1
-1
-1
-1
-1
-1
-1
-1
9
0
0
0
0
0
-1
-1
-1
-1
-1
-1
-1
-1
-1
-1
-1
-1
-1
-1
-1
-1
0
0
0
0
0
0
0
0
0
0
0
0
0
0
0
0
0
0
0
0
0
-1
-1
-1
-1
-1
-1
-1
-1
-1
-1
-1
-1
-1
-1
-1
-1
-1
-1
-1
-1
-1
-1
-1
-1
-2
-2
-2
-2
-2
-2
-2
-2
-2
-2
-2
-2
-2
-2
-2
-2
-1
-1
0
0
-9
1
-8
2
2
-7
-16
20
11
2
2
1
2
2
2
2
2
2
2
2
2
2
2
2
2
2
2
-7
1
1
1
1
1
1
1
1
1
1
1
1
1
1
1
1
1
1
1
1
1
1
1
1
1
1
1
1
1
1
1
1
1
1
1
1
1
1
2
2
2
2
2
2
2
2
2
2
2
2
2
2
2
3
2
2
2
2
2
2
2
2
2
2
-7
1
1
1
1
1
1
1
2
2
2
2
2
2
2
2
2
2
2
-7
11
2
2
2
2
2
2
2
2
2
1
1
1
1
1
1
1
1
1
0
0
0
1
1
1
1
1
1
1
1
1
1
1
1
1
1
1
1
1
1
1
1
1
1
1
1
1
1
1
1
1
1
1
1
1
1
1
1
1
1
1
1
1
1
1
1
1
1
1
1
1
1
1
1
1
1
1
1
1
1
1
1
1
1
1
1
1
1
1
1
1
1
0
0
0
0
0
0
0
0
0
0
0
0
0
0
0
0
0
0
0
0
0
0
0
0
0
1
1
1
1
1
1
0
1
-8
0
0
0
0
0
0
0
0
0
0
0
0
0
0
0
0
0
0
0
0
0
0
0
0
0
0
0
0
0
0
0
0
0
0
0
0
0
0
0
0
0
0
0
0
0
0
0
0
0
0
0
0
0
0
0
0
0
0
0
0
0
0
0
0
0
0
0
0
0
0
0
0
0
0
0
0
0
0
0
0
0
0
0
0
0
0
0
0
0
0
0
0
0
0
0
0
0
0
0
0
0
0
0
0
0
0
0
0
0
0
0
0
0
0
0
0
0
0
0
0
0
0
0
0
0
0
0
0
0
-1
-1
-1
-1
-1
-1
-1
-1
-1
-1
-1
-1
-1
-1
-1
-1
-1
-1
-1
-1
-1
-1
-1
-1
-1
-1
-1
-1
-1
-1
-1
-1
-1
-1
-2
-1
-1
-1
-1
-1
-1
-1
-1
-1
-1
0
0
-1
0
-2
8
-2
-10
-20
-29
22
13
4
5
-4
-4
-4
-3
-3
-3
-2
-2
-2
-2
-2
-2
-1
-1
-1
-1
-1
-1
-1
-1
-1
-1
-1
-1
-1
-1
0
0
0
0
0
0
0
-1
-1
-1
-1
-1
-1
-1
-1
-1
-2
-2
-2
-2
-2
-2
-1
-1
-1
-1
0
0
0
0
0
0
0
0
0
-1
0
0
0
0
0
0
0
-1
-1
-1
-1
-1
-1
-1
-1
-1
-1
-1
-1
-1
-1
-1
-1
-1
-1
-1
-1
-1
-1
-1
-1
-1
-1
-1
-1
-1
-1
-1
-2
-2
-2
-2
-2
-2
-2
0
0
0
0
0
0
0
-1
-1
-1
-1
-1
-1
-1
-1
-1
-1
-1
-1
-1
-1
-1
0
-1
0
0
0
0
0
0
0
-1
-1
-1
-1
-1
-1
-1
-1
-1
-1
0
-1
0
0
0
0
0
0
-1
-1
-1
-1
0
0
0
-1
-1
-1
-1
-1
-1
-1
-1
-1
-1
-2
-2
-2
-1
-1
-1
-1
-2
-3
-3
3
3
3
3
3
3
3
3
2
2
2
2
2
2
2
2
2
2
2
2
2
2
2
2
2
2
2
2
2
2
2
2
2
1
1
1
1
1
-4
-4
-4
-4
-4
-4
4
4
3
3
3
3
3
-2
-2
-2
-2
-3
-3
-3
-3
-3
-3
-3
-3
-3
-3
-3
-4
-3
-4
-4
-4
-4
-4
-4
4
-4
-3
-3
-3
-3
-3
-3
-3
-3
-3
-3
-3
-3
-3
7
-2
-3
-3
-3
-3
-3
-3
-3
-3
-4
-4
-4
-4
-4
-4
-4
-4
-4
-4
-4
-4
-4
-4
-4
-3
-3
-3
-3
7
-2
-11
-20
-29
-38
-47
-56
-65
-74
-83
82
73
64
55
46
27
18
9
0
0
0
2
2
2
2
2
2
2
2
2
2
2
2
2
2
1
1
1
1
1
1
1
1
1
1
1
2
2
2
2
2
2
2
2
2
2
3
3
4
4
4
3
3
3
2
3
3
2
2
2
2
2
2
-6
4
4
4
4
4
4
4
4
3
-6
3
3
3
3
2
-7
11
2
-7
-16
-25
-34
-43
-52
-61
63
44
35
26
17
8
-1
8
-1
-1
-1
-1
-1
-1
-1
-1
-1
-1
0
0
0
-9
1
1
1
0
0
0
0
0
1
1
0
0
0
0
0
0
0
0
0
0
0
0
0
0
0
1
1
1
1
1
1
1
1
0
0
0
0
0
0
0
0
0
1
1
1
1
1
1
1
1
1
1
-8
0
0
0
0
0
0
0
0
1
0
1
0
0
0
0
0
0
0
0
-9
1
1
1
1
1
1
1
0
1
1
-8
0
1
1
-8
2
1
1
2
2
-7
2
1
1
1
1
1
1
1
1
1
1
1
1
1
1
1
1
0
0
0
0
0
0
0
0
0
0
0
0
0
0
0
0
0
0
0
0
0
0
1
1
1
1
1
1
1
1
0
0
1
0
1
0
1
0
0
0
0
0
0
0
0
0
0
0
0
0
0
-1
-1
0
0
0
0
1
1
1
0
0
0
0
0
0
0
0
0
0
0
0
0
0
0
0
0
0
0
0
0
0
0
0
0
0
0
0
0
0
-1
-1
-1
-1
-1
-1
-1
-1
-1
-1
-1
-1
-1
-1
-1
-1
-1
-1
-1
-1
-1
-1
-1
-1
-1
-1
-1
-1
-1
-1
-1
-1
-1
-1
-1
-1
-1
-1
-1
-1
-1
-1
-1
-1
-1
-1
-1
-1
-1
-1
-1
-1
-1
9
0
0
0
0
0
0
0
0
0
0
0
-1
-1
-1
-1
-1
-1
-1
-1
-1
-1
-1
-1
-1
-1
-1
-1
-1
-1
-1
-1
-1
-1
-1
-1
0
0
9
0
0
0
-1
-1
-1
-1
-1
-1
-1
-1
-1
-1
-1
-1
-1
-1
-1
-1
0
0
0
0
0
0
0
0
0
0
0
0
0
0
0
0
0
0
0
0
1
1
1
1
1
1
1
1
0
0
0
0
0
0
1
1
0
0
0
0
0
0
0
0
0
-1
-1
-1
4
4
4
4
-2
-2
-2
-2
-2
-2
-2
-2
-2
-2
-2
-2
-2
-2
-2
-2
-2
-2
-2
-3
-3
-3
-3
-3
-3
-3
-3
-3
-3
-4
-4
-4
-4
-4
-4
-4
-4
-4
-3
-3
-3
-3
-3
-3
-3
-3
-3
-3
-3
-3
-3
-3
-4
-4
-4
-4
-4
-4
-4
-4
-2
-2
-2
-2
-2
-2
-2
-2
-2
-2
-2
-2
-2
-2
-2
-2
-2
-2
-2
-2
-2
-2
-3
-3
-3
-3
-3
-3
-3
-3
-3
-3
-3
-3
-3
-3
-3
-3
-3
-3
-3
-3
-3
-4
-4
-4
-4
-4
-4
-4
-4
-4
-4
-4
-4
-4
-3
-3
-2
-3
-2
-3
6
-3
-3
-3
-3
-3
-3
-3
-3
-3
-3
-3
-3
-3
-3
-3
-3
-3
-3
-3
-3
-3
-3
-3
-3
-3
-3
-3
-3
-3
-3
-3
-3
-3
-3
-3
-3
-3
-3
-3
-3
-3
-3
-3
-3
-3
6
-3
-3
-4
4
4
4
4
4
4
4
4
3
3
3
3
3
3
3
3
3
3
3
3
3
3
3
3
3
3
3
3
3
3
3
4
4
4
4
4
4
-5
3
3
3
3
3
3
3
3
3
3
3
3
2
2
2
2
2
2
2
2
3
2
2
2
2
2
2
2
2
3
2
2
2
2
2
3
2
2
2
2
2
2
2
2
2
2
2
2
2
2
2
2
2
2
2
2
2
3
2
3
2
2
2
2
2
-7
2
-7
-15
-24
-33
-42
-51
-60
-69
73
64
55
46
37
28
19
10
1
1
1
1
1
-8
1
1
1
1
1
1
2
2
2
2
2
1
2
2
2
2
2
2
2
2
2
2
2
2
2
2
2
2
2
2
2
2
2
2
2
2
2
2
2
3
1
2
2
3
3
3
3
3
3
3
3
3
3
3
3
3
3
3
3
3
3
3
3
3
3
3
3
3
3
2
2
2
2
2
2
2
2
2
2
2
2
2
2
2
2
2
2
2
2
2
2
2
2
2
2
2
2
2
2
2
2
2
2
2
2
2
2
2
1
1
1
1
1
1
0
1
1
1
1
1
1
1
1
1
1
2
1
1
2
2
1
2
2
2
2
2
1
1
1
1
1
1
1
2
2
3
3
2
2
2
2
2
2
2
1
1
2
1
1
1
1
1
1
1
1
1
2
1
2
2
2
2
2
2
2
2
2
2
2
2
2
2
2
2
2
2
2
2
2
2
2
2
2
2
2
2
2
2
2
2
2
2
2
2
2
2
2
2
2
2
2
2
2
2
2
2
3
2
2
2
2
2
2
3
3
3
3
3
3
2
3
3
3
3
3
3
3
-6
2
2
3
2
2
2
2
2
2
3
3
3
3
2
2
-8
-6
1
1
2
2
2
2
2
2
3
2
3
3
3
3
3
3
3
2
3
3
3
1
2
2
1
1
2
1
1
1
-8
2
1
1
2
1
1
2
1
-8
1
1
1
1
1
1
2
1
1
1
1
1
1
1
1
1
1
1
1
1
2
3
-6
2
2
2
2
2
2
2
2
2
1
-8
2
1
2
2
2
2
2
2
2
2
2
2
2
2
2
2
-7
2
1
2
2
2
2
2
2
2
1
2
-7
11
1
3
3
3
3
3
2
2
2
1
1
0
1
1
1
1
1
1
1
2
1
1
1
1
1
1
2
1
2
1
2
1
1
1
1
1
1
1
1
1
1
2
2
2
2
2
2
2
2
3
2
2
1
1
1
1
1
1
1
1
1
1
2
2
1
2
2
1
1
1
1
1
1
1
1
2
-7
2
-7
2
2
1
1
-8
2
1
1
1
1
1
1
1
1
1
1
1
1
1
1
1
1
1
1
1
1
1
1
1
1
1
1
1
1
1
1
1
1
1
1
1
1
1
1
1
1
1
1
1
1
1
1
1
1
1
1
1
1
1
1
1
1
1
1
1
1
1
1
1
1
1
1
0
1
0
0
0
0
0
3
3
3
3
3
2
2
2
2
2
2
2
3
2
2
2
2
2
2
2
2
2
2
2
2
2
2
2
2
2
3
3
3
3
3
3
3
3
3
3
3
3
3
3
3
3
2
1
1
1
1
1
1
1
1
2
2
2
2
2
2
2
2
2
2
2
2
2
2
2
2
2
2
2
2
2
2
3
3
3
1
3
2
1
1
2
1
2
1
2
2
2
2
3
3
2
2
3
3
2
1
1
1
1
1
1
1
1
2
2
3
3
3
3
3
3
2
2
2
2
2
2
2
2
2
2
2
2
2
2
2
2
2
2
2
2
1
2
2
2
2
2
2
2
2
2
2
2
2
1
1
1
1
1
1
1
1
1
1
1
1
1
1
1
1
1
1
1
1
1
1
-8
1
2
1
1
1
2
1
2
2
2
2
2
-7
-16
-25
-34
-62
64
55
46
37
28
19
10
1
1
0
0
1
0
0
0
1
0
0
0
1
1
1
1
-8
1
-8
9
0
9
0
0
0
0
0
0
0
0
0
0
0
0
0
0
0
0
9
0
1
-8
-18
-26
-35
-44
-53
-62
64
55
46
37
28
19
10
1
-8
-17
1
1
1
1
-8
1
1
2
1
1
2
-7
-16
-34
-44
-53
-62
62
53
45
35
26
17
8
-1
-1
-2
-2
-2
-1
-10
-19
78
60
51
42
24
-1
-1
-1
-2
-2
-2
-2
-1
-1
-1
-1
-1
-1
-1
-2
-2
-2
-2
-2
-2
-2
-2
-2
-3
-2
-2
-2
-2
-2
-3
-2
-3
7
-2
-3
-3
-3
-3
-3
-4
-4
-4
-3
-4
-4
-4
-4
-4
-4
-3
-3
-3
-3
-3
-3
-3
-4
-4
0
0
-59
30
21
12
3
3
3
4
4
4
-4
-4
-4
-4
4
4
4
4
4
4
4
4
4
4
4
4
4
4
-5
5
-4
-4
-3
-4
-4
-4
-4
-4
-3
-4
-4
-4
-4
-4
-3
4
-4
-3
-4
-4
-4
-4
-4
-4
-4
-3
-4
-4
-4
-4
-4
-4
-4
-4
-4
-4
-4
-4
-4
-4
-4
-4
-4
-4
-4
-4
-4
-4
-4
-4
-4
-4
-4
4
-4
-4
-4
-4
-4
-4
-4
-4
-4
-4
-4
-4
-4
-4
-4
-4
-4
-4
-4
-4
-4
-4
-4
-4
-4
-4
-4
-4
-4
-4
-4
-4
-4
-3
-3
-3
-3
-3
-3
-3
-3
-3
-3
-2
-3
-3
-2
-3
-3
-3
-2
-2
6
-4
-3
-4
-4
-3
-3
-3
-3
-3
-3
-3
-3
-3
-3
-3
-3
-3
-3
-3
-3
-3
-3
-3
-3
-3
-3
-3
-3
-2
-2
-2
-2
-3
-3
-3
5
-4
-4
-3
-3
-3
-3
-3
-3
-2
-3
-3
-3
-3
6
-3
7
-2
-2
-11
-21
-29
-38
-47
-56
60
41
24
15
6
-3
-12
6
-3
-3
-3
6
-3
-12
6
-3
-3
-4
-4
-4
-4
-4
-4
-4
5
-2
-2
-2
-2
-1
-2
-1
-2
-1
-2
-2
-2
-2
-2
-2
-2
-2
-2
-2
-2
-2
-2
-2
-2
-2
-2
-2
-2
-2
-2
-2
0
-2
