37149
1
1
1
1
2
1
1
2
2
0
0
0
0
-1
0
0
0
0
-1
0
-1
-1
9
0
0
0
0
0
9
0
9
0
0
0
0
0
0
0
0
0
1
0
1
0
0
0
0
0
0
0
0
0
0
0
0
0
0
0
-1
0
0
-1
-1
-1
-1
-1
-1
-1
-1
-1
-1
-1
0
-1
-1
0
8
-1
0
0
0
0
0
0
0
-1
-1
-1
-1
-1
-1
-1
-1
-1
-1
-1
-1
-1
0
0
0
9
0
-1
-1
-1
0
0
-1
-1
-1
-1
-1
-2
-2
-3
-3
-3
-3
-3
-3
-3
-2
-2
-3
-3
-2
-2
-3
-2
-2
-1
-1
-1
-1
-1
-1
-1
-1
-1
-1
-1
-1
-1
-1
-1
-1
-1
-1
-1
-1
-1
-1
-1
-1
-2
-2
-2
-2
-2
-2
-2
-2
-2
-2
-2
-2
-2
-2
-2
-2
-2
-2
-2
-2
-2
-2
-2
-2
-2
-2
-2
-2
-2
-2
-2
-2
-2
-2
-2
-2
-2
-2
-2
-2
-2
-2
-2
-2
-2
-2
-2
-2
-2
-2
-2
-2
-2
-2
-2
-2
-2
-2
-2
-2
-2
-2
-2
-2
-2
-2
-2
-2
-2
-2
-2
-2
-2
-2
-2
-2
-2
-2
-2
-2
-2
-2
-2
-2
-2
-2
-2
-2
-2
-2
-2
-2
-2
-2
-2
-2
-2
-2
-2
-2
-2
-2
-2
-2
-2
-2
-1
-1
-1
-1
-1
-1
-1
-1
-1
-1
-1
-2
-2
-2
-2
-2
-2
-1
-1
-1
-1
-1
-1
-1
-1
-1
-1
-1
-1
-1
-1
-1
-1
-1
-1
-1
-1
-1
-1
-1
-1
-1
-1
-1
-1
-1
-1
-1
-1
-1
-1
-1
-1
-1
-1
-2
-2
-2
-2
-2
-1
-1
-1
-1
-1
-1
-1
-1
-1
-1
-1
-1
-1
-1
-1
-1
-1
0
0
-1
-1
-1
-1
-1
-1
-1
-1
-1
-1
-1
-1
0
0
0
0
-1
-1
-1
-1
-1
-1
-1
-1
-1
-1
0
-1
-1
-1
-1
-1
-1
-1
-1
-1
-1
-1
-1
0
0
0
0
0
0
0
0
0
0
0
0
0
0
0
0
0
-1
-1
-1
-1
-1
-1
-1
-1
-1
-1
-1
-1
-1
-1
-1
-1
-1
-1
-1
-1
-1
-1
-1
0
-1
-1
-1
-1
-1
-1
-1
-1
-1
-1
-1
-1
-1
-1
-1
-2
-2
-2
-2
-1
-1
-1
-1
-1
-1
-1
-1
-1
-1
-1
-1
-1
-1
-1
-1
-1
-1
-1
-1
-1
-1
-1
-1
-1
-1
-1
-1
-1
-1
-1
-1
-1
-1
0
0
0
0
0
0
0
0
0
-1
-1
-1
-1
-1
-1
-1
-1
-1
-1
-1
0
0
0
0
0
0
0
0
0
0
0
0
0
0
0
0
0
0
0
0
0
0
0
0
0
0
0
-1
-1
-1
-1
-1
-1
-1
-1
-1
-1
-1
-2
-2
-2
-2
-2
-2
2
2
2
2
2
2
2
2
2
2
1
1
1
2
1
1
1
1
1
1
1
1
1
1
1
1
1
1
1
1
1
1
0
0
0
0
0
0
0
0
0
0
0
0
0
0
0
1
1
1
1
1
1
1
0
0
0
0
0
0
0
0
0
0
0
0
0
0
1
0
1
1
1
1
1
1
0
0
0
0
0
0
0
0
0
0
0
0
0
0
0
0
0
0
0
0
0
0
0
0
0
0
0
0
0
0
0
0
0
0
0
0
0
0
0
0
0
0
0
0
0
0
0
0
0
0
0
0
0
0
0
0
0
0
0
0
0
0
-1
0
0
0
0
0
0
0
0
0
0
0
1
1
1
1
1
1
1
1
1
1
1
1
1
1
1
1
1
1
1
1
0
0
0
0
0
0
0
0
0
0
0
0
0
0
0
0
0
0
0
0
0
0
0
0
0
0
0
0
0
0
0
0
0
0
0
0
0
0
0
0
0
0
0
0
0
0
0
0
0
0
0
0
0
1
1
1
1
1
1
1
1
1
1
1
1
1
1
1
1
1
1
1
1
0
0
0
0
0
0
1
1
1
1
1
1
1
1
1
1
1
1
1
1
1
1
1
1
1
1
1
1
1
0
1
1
1
0
0
0
1
1
1
1
1
1
1
1
1
1
1
1
1
1
1
1
1
1
1
1
1
1
1
1
1
1
1
1
1
1
1
1
1
1
1
1
1
1
1
1
1
1
1
1
1
1
1
1
1
1
1
1
1
1
1
1
1
1
1
1
1
1
1
1
1
1
1
1
1
1
1
1
1
1
1
1
1
1
1
1
1
1
1
1
1
1
1
1
1
1
1
1
1
1
1
1
1
1
1
1
1
1
1
1
1
2
2
2
2
2
1
1
1
1
1
1
1
1
1
1
1
1
1
1
1
1
1
1
1
1
1
1
1
1
1
1
1
1
1
1
1
1
1
1
1
1
1
1
1
1
1
1
1
1
1
1
1
1
1
1
1
1
1
1
1
2
1
-8
2
2
2
2
2
2
2
2
3
3
2
3
3
3
2
3
3
3
3
2
3
2
3
3
3
3
3
2
2
2
2
2
2
2
2
2
2
2
2
2
2
2
2
2
2
1
3
3
3
3
3
3
2
2
2
2
2
2
2
2
2
2
3
3
3
3
3
2
2
2
2
2
2
2
2
2
2
2
2
2
2
2
2
2
2
2
2
2
2
2
2
2
2
2
2
2
2
3
2
2
2
2
2
2
2
2
2
2
2
2
3
2
2
2
2
2
2
3
3
3
3
5
4
4
4
4
4
4
4
4
4
4
4
4
4
4
4
4
4
4
4
4
4
4
4
4
4
4
4
4
3
-6
4
3
3
3
3
3
3
3
3
3
3
3
3
3
3
3
3
3
3
3
3
3
3
3
3
3
2
3
3
-6
3
3
3
3
-6
4
4
4
-4
4
-4
4
4
4
4
4
4
-4
-4
4
-4
4
4
4
4
4
4
4
4
-5
4
4
4
4
4
4
4
-4
-4
-4
-4
-4
-4
-4
-4
-4
-4
-4
-4
-3
-3
-3
-3
-2
-3
-3
-3
-3
-3
-1
-2
-1
-1
-1
-1
8
-1
-2
-2
-2
-2
-2
-2
-1
-2
-2
-2
-3
-2
-3
-3
-3
-2
-2
-2
-2
-2
-2
-2
-2
-2
-2
-3
-3
-3
-3
-3
-3
-3
-3
-3
-3
-3
-3
-3
-3
-3
-3
-3
-3
-3
-3
-3
-3
-3
-3
-3
-3
-2
-2
-2
-2
-2
-2
-2
-2
-2
-3
-3
-3
-3
-3
-3
-3
-3
-3
-3
-3
-3
-3
-3
-3
-2
-3
-3
-3
-3
-3
-3
-3
-3
-3
-3
-3
-3
-3
-3
-4
-4
-4
-4
-4
-3
-2
-4
-4
-4
-4
-4
-4
-4
-4
-4
4
4
-4
4
4
4
4
4
4
4
4
4
4
4
4
4
4
4
4
4
4
4
4
4
4
4
4
3
4
4
4
4
4
-4
-4
-3
4
-4
-4
-4
-4
-4
4
4
4
4
4
4
4
4
4
4
4
4
4
4
4
4
4
4
4
4
4
4
4
4
4
4
3
3
3
3
3
3
3
3
3
4
5
-4
-4
-4
-4
-4
-4
-4
-4
4
4
4
3
3
3
3
3
3
3
3
3
3
4
4
4
4
4
3
3
3
3
3
3
3
3
3
3
3
4
4
3
3
4
4
4
3
3
3
3
3
3
3
3
3
3
3
3
3
3
3
3
3
3
3
3
4
3
3
4
3
3
-6
4
-4
-4
-4
-4
-4
4
4
4
4
4
4
-4
-4
4
-4
-4
-4
-4
-4
-4
-4
-4
-4
-4
-4
-4
-4
-4
-4
-4
-4
-3
-4
-4
-4
-4
-4
-4
-4
-4
-4
-3
-4
-3
-4
5
-4
-4
-4
-4
-4
-4
-4
-4
-4
-4
-4
-4
-4
-4
-3
-4
-3
-3
-3
-4
-4
-4
4
3
3
3
3
3
3
4
3
3
3
-6
3
3
3
3
4
4
3
3
3
3
3
3
3
3
3
3
3
3
3
3
3
3
3
3
3
2
3
2
2
2
3
3
3
3
3
3
3
3
3
3
3
3
2
3
2
2
2
2
2
2
2
2
2
2
2
2
2
2
1
-8
1
-8
-6
2
2
2
2
2
1
1
1
1
1
1
1
1
1
1
1
1
1
1
1
1
1
1
1
1
1
1
1
1
1
1
1
1
1
1
1
1
1
1
1
1
1
1
1
1
2
3
3
3
3
3
3
2
2
2
2
2
2
2
2
2
2
2
2
2
2
1
1
1
1
2
0
1
1
1
1
1
1
2
2
2
2
2
2
1
2
2
2
2
2
2
2
2
2
2
2
2
2
2
2
2
2
2
2
2
2
1
1
1
2
-7
2
-7
2
1
-8
2
-8
2
-7
11
2
-7
-7
3
3
3
2
2
2
2
2
2
3
3
2
2
3
3
3
3
3
3
3
1
1
1
1
1
1
1
2
2
2
2
2
2
2
2
2
2
1
2
2
2
1
2
1
1
1
1
2
2
1
1
1
1
1
1
1
1
1
1
1
1
1
2
2
2
2
2
2
2
2
2
2
2
2
2
2
2
2
2
2
2
2
2
2
2
2
2
2
2
2
2
2
2
2
2
2
2
2
2
2
2
2
2
2
2
2
2
2
2
2
2
2
2
2
2
2
2
2
2
2
2
2
2
3
3
3
3
3
3
2
2
3
3
3
3
3
3
3
3
3
2
3
3
3
3
3
3
3
3
3
3
3
3
3
3
3
3
3
3
3
3
3
3
3
3
3
3
3
3
3
3
3
3
3
3
3
3
3
3
3
3
4
3
3
4
4
3
3
4
3
4
4
3
4
3
4
4
4
4
4
4
4
4
4
4
4
4
4
4
4
4
4
-4
4
4
4
4
-4
-4
-4
-4
-4
4
-4
-4
-4
-4
-4
6
-4
-3
-4
-4
-4
-4
-4
4
4
4
-3
-3
-3
-3
-3
-3
-3
-3
-3
-3
-3
-3
-3
-4
-4
-4
-4
-4
-4
-4
-3
-3
-4
-2
-2
-3
-3
-3
-3
-4
-4
-4
-4
-4
-4
-4
-4
-4
-4
-4
-4
-4
-4
-4
-4
-4
-4
-13
-22
39
30
12
4
4
-5
4
-5
4
4
4
4
3
4
4
-5
-14
-22
-31
-40
-49
-58
57
48
39
30
21
12
2
2
-7
3
2
2
3
3
3
3
3
3
3
-14
-23
-32
-41
-59
-68
-77
-86
-95
-104
-113
-122
-131
-140
138
121
111
102
94
75
66
57
48
39
30
21
12
3
3
4
-5
5
-4
-4
-4
-4
-4
-4
6
-3
-3
-12
-21
14
5
4
-4
-4
-4
-4
4
-4
-4
-4
-4
-4
-4
5
-4
-4
-4
-4
-4
-4
-13
-22
-31
-40
-49
-59
-68
-76
-85
-94
-103
-112
-121
-130
-139
-148
-157
149
130
121
103
94
85
76
67
58
49
40
31
22
13
4
4
-4
5
-4
5
-4
-4
-13
13
4
4
4
4
4
4
4
4
4
4
4
3
4
4
4
4
-5
4
4
-5
3
3
3
3
3
3
3
3
3
3
3
3
3
4
4
4
4
4
4
4
4
4
4
4
3
-6
3
3
3
-5
2
2
2
2
2
2
2
2
2
2
2
2
2
2
2
2
2
2
3
2
3
2
2
3
2
2
2
2
2
2
3
3
3
3
3
2
3
3
3
3
3
3
3
3
3
3
3
3
3
3
3
3
3
3
3
3
3
3
3
3
3
3
3
3
3
3
3
3
3
3
3
3
3
3
3
3
3
3
3
3
3
3
3
3
3
3
3
3
3
3
3
3
3
3
3
3
3
2
2
2
2
2
2
2
2
2
3
2
2
2
2
2
2
3
3
3
3
3
3
2
-7
2
3
-6
2
3
3
3
3
-6
3
-6
2
2
2
2
2
2
2
2
2
2
2
2
-7
12
3
3
3
-6
3
3
3
2
3
3
-6
3
2
2
2
2
2
2
2
2
2
3
1
2
-7
3
2
3
3
2
2
2
2
2
2
2
2
2
2
2
2
3
1
2
2
2
2
2
2
3
3
3
3
3
2
-7
3
2
2
-7
2
-7
10
1
1
1
1
1
1
1
1
2
1
1
1
1
1
1
1
1
1
1
1
1
1
1
1
2
1
1
1
1
1
1
1
1
1
1
1
1
1
1
1
1
1
1
1
1
1
1
2
2
2
2
2
2
2
2
1
2
1
1
2
-8
9
-8
2
2
2
2
2
2
1
2
2
2
2
2
2
-7
2
2
1
1
1
2
1
1
1
-9
1
1
1
1
0
1
2
1
1
1
1
1
1
1
1
1
1
2
2
2
2
2
1
1
1
1
1
1
1
2
2
2
1
1
2
2
1
-8
1
1
1
1
0
1
1
1
2
1
1
1
1
1
1
0
1
1
1
1
1
1
1
1
1
1
1
1
1
1
1
0
1
0
0
1
0
0
0
0
0
0
0
0
0
0
0
0
0
0
0
0
0
0
0
1
1
0
0
0
0
0
0
0
0
0
0
0
0
0
0
0
0
0
0
0
0
0
0
0
0
0
0
0
0
0
0
0
1
0
0
0
0
0
0
0
0
0
0
0
0
0
0
0
0
0
0
1
1
0
1
1
1
1
1
1
1
1
1
1
1
1
1
1
1
1
1
1
0
1
1
1
0
1
1
1
1
1
1
1
1
1
1
1
1
1
1
1
1
1
1
1
1
1
1
1
1
1
1
1
1
1
1
1
1
0
1
1
1
1
1
1
1
1
1
1
0
0
0
4
2
3
4
2
2
2
2
2
2
3
2
2
2
2
2
2
2
2
-7
10
1
2
1
1
1
1
1
1
1
1
2
1
1
1
-8
10
1
2
1
1
1
1
1
1
1
1
1
1
1
2
-1
-4
-3
4
-3
-3
-3
-3
-3
-3
-3
-3
-2
-3
-3
-3
-147
119
101
92
83
74
65
55
2
1
1
0
0
0
-3
-4
-4
-4
-4
-4
-4
-4
-4
-4
-4
-4
5
-4
-4
-4
-4
-4
-4
4
-4
-2
-4
-4
-4
5
-4
4
4
4
4
4
4
4
4
-4
-4
-4
-4
-4
-4
5
-3
-3
-3
-3
-3
-3
4
-201
1494
105
-104
-616
0
1
1
2
1
2
0
0
0
0
-1
-1
-1
0
0
0
0
-1
-1
-1
-1
-1
-1
-1
-1
-1
-1
0
0
0
0
0
-9
1
0
0
0
0
0
0
0
0
0
0
0
0
-1
-1
8
-1
-1
-1
-1
-1
-1
-1
-1
-1
-1
-1
-1
-1
0
0
0
-1
0
0
0
0
0
0
0
-1
-1
-1
-1
-1
-1
-1
-1
-1
-1
-1
-2
-2
-2
-2
-2
-2
-1
-1
-1
-1
-1
-1
-1
-1
-1
-1
-1
-1
-1
-1
-1
-2
-2
-2
-2
-2
-2
-2
-2
-2
-2
-2
-2
-2
-1
-1
-1
-1
-1
-1
-1
-1
-2
-2
-2
-2
-2
-2
-2
-2
8
-1
-1
0
0
-1
-1
-1
-1
-2
-2
7
-2
-2
-2
7
-2
-2
-1
-1
-1
-1
-1
-1
-2
-2
-2
-2
-2
-2
-2
-2
-2
-2
-1
-1
7
-2
-2
-3
-2
-2
-2
-2
-2
-2
-2
-2
-2
-2
-2
-2
-2
-2
-2
-2
-2
-2
-2
-2
-2
-2
-2
-2
-2
-2
-2
-2
-2
-2
-3
-2
-2
-3
-2
-2
-2
-2
-2
-2
-2
-2
6
-3
-3
-3
-3
-3
-3
-3
-3
-3
-2
-3
-3
-3
-3
-3
-2
-3
-2
-2
-2
-2
-2
-2
-2
-2
-2
-2
-2
-2
-2
-2
-2
-2
-2
-2
-2
-3
-2
-2
-2
-2
-2
-2
-2
-2
-2
-2
-2
-2
-2
-2
-2
-2
-2
-2
-2
-2
-2
-2
-2
-2
-1
-2
-2
-2
-2
-2
-2
-2
-2
-2
-2
-2
-2
-2
-2
-2
-2
-2
-2
-2
-2
-2
-2
-2
-2
-2
-2
-2
-2
-2
-2
-2
-2
-2
-2
-2
-2
-2
-2
-2
-2
-2
-2
-2
-2
-2
-2
-2
-2
-2
-2
-2
-2
-2
-2
-2
-2
-1
-1
-1
-1
-1
-1
-1
-1
-2
-2
-2
-2
-2
-2
-2
-1
-1
-1
-1
-1
-1
-1
-1
-1
-1
-1
-1
-1
-1
-1
-2
-1
-1
-2
-1
-1
-1
-1
-1
-1
-1
-1
-1
-2
-2
-2
-2
-2
-2
-2
-2
-2
-2
-2
-2
-2
-1
-1
-1
-1
-1
-1
-1
-1
-2
-2
-2
-2
-2
-2
-2
-2
-2
-2
-2
-2
-2
-2
-2
-2
-2
-2
-2
-2
-2
-2
-2
-2
-2
-2
-2
-2
-2
-3
-3
-3
-3
-3
-3
-3
-3
-3
-4
-4
-4
-3
-3
-3
-3
-3
-2
-2
-2
-2
-2
-2
-2
-2
-2
-2
-2
-2
-2
-2
-2
-2
-1
-1
-1
-2
-1
-1
-1
-1
-2
-2
-2
-2
-2
-2
-3
-3
-3
4
4
3
3
3
2
2
1
1
1
0
0
0
0
-1
-1
-1
-1
-2
-2
-2
8
-1
-1
-1
-1
-1
-1
-1
-1
-1
-2
-2
-2
-2
-2
-3
-3
-3
-4
-4
-4
-4
-4
-4
4
4
4
4
4
4
4
3
3
3
2
2
2
2
2
2
1
1
1
1
1
1
1
1
1
1
1
1
1
0
0
0
0
1
0
0
0
0
0
0
-1
-1
-1
-1
-1
-1
-1
-1
-1
-1
-1
-1
-1
-1
0
-1
-1
-1
0
0
0
0
0
-1
-1
-1
-1
-1
0
0
0
0
0
0
0
-1
0
-1
0
-1
-1
-1
-1
-1
-1
-1
-1
-1
-1
-1
-1
-1
-1
-1
-1
-1
-1
-1
-1
0
0
0
0
0
0
0
0
0
0
0
0
0
0
0
0
0
0
0
8
-1
-1
-1
-1
-1
-1
-1
0
0
0
0
0
0
0
0
0
0
0
0
0
0
0
0
0
-1
-1
0
0
0
0
0
0
0
0
0
0
0
0
0
0
0
0
0
0
0
0
0
0
0
0
0
0
0
0
0
0
0
0
0
0
0
0
0
0
0
0
0
0
0
0
0
0
0
0
0
0
0
0
-1
-1
0
0
0
0
0
0
0
0
0
0
-1
-1
-1
-1
-1
-1
-1
-1
-1
-1
-1
0
0
0
0
0
0
0
0
0
0
0
0
0
0
0
0
0
0
0
0
0
0
0
0
0
0
0
0
0
0
0
0
0
0
0
0
0
0
0
0
0
0
0
0
0
0
0
0
0
0
0
0
0
0
0
0
0
0
0
0
0
0
0
0
0
0
0
0
0
0
0
0
0
0
0
0
0
0
0
0
0
0
0
0
0
0
0
0
0
0
0
0
0
0
0
1
1
1
0
1
-8
0
0
0
-9
1
1
1
1
1
1
1
1
1
1
1
1
1
1
1
1
1
1
1
1
1
1
1
1
1
1
1
1
1
1
1
1
1
1
1
1
1
1
1
1
1
1
1
1
0
1
1
0
0
0
0
0
0
0
0
0
0
0
0
0
0
0
0
0
0
0
0
0
0
0
0
0
0
0
0
0
0
0
0
0
0
0
0
0
0
0
0
0
0
0
0
0
0
0
0
0
0
0
0
0
0
0
0
0
0
0
0
0
0
0
0
0
0
0
0
0
0
0
0
0
0
0
0
0
0
0
0
0
-1
-1
-1
-1
-1
-1
-1
-1
-1
-1
-1
-1
-1
-1
-1
-1
-1
-1
-1
-1
-1
-1
-1
-1
-1
-1
-1
-1
-1
-1
0
0
0
0
0
0
0
0
0
0
0
0
-1
0
0
0
0
0
0
0
0
0
8
-1
-1
-1
0
0
0
0
0
0
0
0
0
0
0
0
0
0
0
0
0
0
0
0
0
0
0
0
0
0
0
-1
-1
-1
-1
-1
-1
-1
-1
-1
-1
-1
-1
0
0
0
0
0
0
0
0
0
0
0
0
0
0
0
-1
-1
-1
-1
-1
-1
-1
-1
-1
-1
-1
-1
-1
0
0
0
0
0
0
0
0
0
0
0
0
0
0
0
0
0
0
0
0
0
0
0
0
0
0
0
0
0
0
0
0
0
0
0
0
0
0
-1
-1
8
-1
-1
-1
-1
-1
-1
-1
-1
-1
8
-1
8
-1
0
0
0
0
0
0
0
0
0
-1
0
0
-1
-1
-1
-1
-1
-1
-1
-1
-1
-1
-1
-1
-1
-1
-1
-1
-1
-1
-1
-1
-1
-1
-1
-1
-1
-1
-1
-1
-1
-1
-1
-1
-1
-1
-1
-1
-1
-1
-1
-1
-1
-1
-1
-1
-1
8
-1
8
-1
0
0
0
0
0
8
-1
-1
-1
-1
0
-1
9
0
0
0
0
0
0
0
0
0
0
0
0
0
0
0
0
0
0
0
0
0
0
0
0
0
8
-1
-2
-1
-1
-1
-1
-1
-1
-1
-1
-1
-1
-1
-1
-1
-1
-1
-1
-1
-1
-1
-1
-1
-1
-1
-1
-1
-1
-1
-1
-1
-1
-1
-2
-2
-1
-1
-2
-11
8
-1
-1
-1
-1
-1
-1
-1
9
0
0
1
1
1
1
0
0
0
0
1
1
1
1
1
1
1
0
9
0
0
0
0
0
0
0
0
0
0
0
1
1
1
1
1
1
1
-8
1
-8
-17
18
9
0
-1
-1
-1
-1
-1
-1
-1
-1
0
0
0
0
0
0
1
1
1
1
1
1
-17
-26
-35
35
16
-2
-2
-1
-1
-1
-1
-1
-1
-1
-2
-1
-1
-1
0
-1
0
-1
1
-1
0
0
0
0
0
0
-1
-1
-1
0
0
0
0
0
0
1
1
1
1
1
1
1
1
1
1
-8
1
-8
-17
-26
-35
36
0
0
0
-1
-1
0
0
0
0
-1
-1
-1
-2
-2
-2
-2
-2
-2
-2
-2
-2
7
-2
-2
7
-2
-3
-13
6
-3
-3
-3
-3
-3
-3
-3
-3
5
-3
-4
-3
-3
-3
-3
-3
-3
-3
-3
-3
-3
-3
-3
-3
-3
-3
-2
-2
-2
-2
-2
-2
-2
-2
-2
-2
-2
-2
-2
-2
-2
-2
-2
-2
-2
-11
-20
23
6
-3
-3
-3
-4
-3
-3
-3
-3
-2
-3
-3
-3
-3
-3
-3
-2
-2
-2
-2
-2
-2
-2
-2
-2
-2
6
-3
-3
-3
-3
-3
-3
-3
-3
-3
-3
-3
-3
-3
-3
-3
-3
-3
-4
-4
-4
-4
-4
-4
-4
-4
-3
-3
-3
-3
-4
-4
-3
-3
-4
-4
-4
-4
-4
-3
-3
6
-3
-3
-3
-3
-12
5
-4
-4
-4
-4
-4
-4
-4
-4
-4
-4
-4
-4
4
-4
-4
4
4
-4
4
-4
-4
5
-4
-4
-4
-4
-4
-3
-3
-3
-3
-3
-2
-2
-2
-2
-2
-2
-2
-3
-2
-3
-3
-2
-2
-2
-2
-2
-2
-1
-1
-10
-19
31
22
13
-4
4
4
-4
-4
4
-4
-4
-4
-4
-3
-3
-3
-4
-4
-4
-4
-4
-4
-4
-4
-4
-4
-4
-4
-3
-4
-4
-4
-4
-4
-4
4
-5
5
-4
4
-5
4
4
4
4
4
4
4
4
-5
5
-4
-4
-4
-4
-4
-4
-13
-22
20
11
2
-7
3
3
-6
3
4
4
4
4
4
4
4
-5
-14
-23
-32
-41
-50
50
41
32
23
14
5
-4
-4
-4
6
-3
-3
-3
-3
-3
-3
-3
-3
-12
-21
-30
34
25
16
7
-2
-2
-2
-1
-2
-2
-2
-2
-1
-1
-1
-1
-1
-1
0
-1
-1
-1
-1
-1
-1
-1
-1
-1
-1
0
0
-9
9
0
-1
-10
-19
-28
24
15
6
-3
-3
-3
-3
-2
-2
-2
-2
-2
-2
-2
-2
-2
-2
-1
-2
-2
-2
-2
-2
-2
-3
-3
-3
-3
-3
-3
-3
-3
-3
-3
-3
-3
-3
-3
-3
-3
-3
-3
-3
-3
-3
-3
-3
-3
-3
-3
-3
-3
-3
-3
-3
-3
-3
-3
5
-4
-4
5
-4
-4
-4
-4
-4
5
-4
-4
-4
-4
6
-3
-3
-3
-3
-3
-3
-3
-3
-3
-3
-12
6
-2
-3
-3
-3
-3
-3
-3
-3
5
-4
-4
-4
-4
4
4
4
4
4
4
4
4
4
4
4
4
-4
-4
-4
-4
-4
-4
-4
-4
-4
-4
-4
-4
-4
-4
-4
-4
-3
-4
-13
5
-4
-4
5
-4
4
4
4
4
3
4
4
4
4
4
4
4
4
4
4
4
4
4
4
4
4
4
3
4
4
4
4
4
4
-4
4
4
4
5
-4
-4
-13
-22
29
20
11
2
2
2
-7
3
3
3
3
3
3
3
2
3
2
3
-6
4
4
4
4
3
4
3
-6
3
3
3
3
3
3
3
-6
3
3
3
3
4
4
-5
3
3
3
3
3
3
3
3
3
-6
3
3
3
3
3
3
3
4
3
3
3
3
-6
4
-5
4
-5
3
3
-6
3
4
3
4
4
4
4
4
4
4
4
4
4
4
5
-4
-4
-4
-4
4
-4
4
4
4
-5
4
3
3
3
3
3
3
3
3
4
4
4
4
4
4
4
4
4
4
4
4
4
4
4
4
4
4
4
4
4
4
3
3
3
3
3
3
3
3
3
3
3
3
3
2
3
2
2
2
2
2
2
2
2
2
1
1
0
-1
-1
-1
-1
-1
-1
-1
-2
-2
-2
-2
-1
-2
-2
-2
-2
-2
-2
-1
-1
-1
-2
-2
-2
-2
-2
-2
-2
-2
-2
-2
-2
-2
-2
-2
-2
-2
-2
-2
-2
-2
-2
-2
-2
-2
-2
-2
-2
-2
-2
-2
-2
-2
-2
-2
-2
-2
-2
-1
-2
-2
-2
-2
3
2
2
2
2
2
-7
1
1
1
1
1
1
1
1
1
1
2
1
1
1
1
2
2
2
2
2
2
2
2
2
2
1
1
1
1
1
2
1
1
2
2
2
2
2
2
2
3
2
2
2
2
2
3
2
2
1
2
2
2
2
2
2
2
2
2
2
2
3
3
3
3
3
3
3
3
3
2
3
2
2
2
2
2
2
2
2
2
2
2
2
2
1
2
2
2
2
1
1
2
0
0
0
0
-9
1
-8
1
1
1
1
1
1
1
1
1
1
1
1
1
1
1
1
1
1
1
1
1
1
1
1
1
1
1
1
1
1
1
1
2
1
1
1
1
1
1
1
1
0
0
0
0
0
-1
-2
-1
-1
-1
-1
-1
-1
-1
-1
-1
8
-1
0
-1
8
-1
-1
-1
-1
-1
-1
-1
-1
-1
-1
-1
-1
-1
-1
-1
-1
-1
-1
-1
-1
-1
-1
-1
-1
-1
-1
-1
-1
-1
-2
-1
-1
-1
-1
-1
-1
-1
-1
-1
-1
-1
-1
-1
-1
-1
-1
-1
-1
-1
-1
-1
-1
-1
-1
-1
-1
-1
-1
-1
-1
-1
-1
-1
-1
-1
-2
-1
-1
-2
-1
-1
-1
-1
-1
-1
-1
7
-2
-11
7
-2
-2
-2
-2
-2
-2
-2
-3
-2
-3
-2
-3
-2
-3
-2
-2
-2
-2
-2
-2
-2
-2
-2
-2
-2
-2
-3
-3
-3
-3
-2
-2
-2
-2
-2
-2
-2
-2
-2
-3
-2
-2
-3
-4
-3
-3
-3
-3
4
3
3
3
3
2
2
2
2
2
2
2
2
3
2
2
2
2
1
2
2
2
2
2
-7
2
2
-7
11
2
0
1
1
2
2
2
2
2
2
2
2
2
2
2
2
2
1
1
1
1
1
1
1
1
1
1
1
1
1
1
1
1
2
2
2
3
1
2
2
2
2
1
1
1
1
-36
1
0
0
0
0
0
1
1
1
0
-9
1
1
1
1
-8
0
0
1
1
0
1
-8
-17
-26
-71
71
62
53
44
35
26
17
8
-1
-10
-28
-225
-234
-243
-252
-261
-270
-279
-289
-297
-351
-360
-369
376
367
358
349
340
331
322
313
304
295
286
277
268
259
250
241
232
222
214
205
186
177
169
160
151
141
133
124
115
106
97
88
78
60
-1
-2
-1
-2
-1
-1
-100
98
88
79
70
52
-2
-2
-10
106
97
79
70
-3
-11
-20
16
0
46
37
28
19
10
9
0
9
0
1
0
0
0
0
0
0
1
0
0
-129
-588
314
-370
-1080
-1315
-2043
-2142
1945
-804
-1532
-125
64
45
2
-656
-773
-1097
-11071
-44139
439
-553
0
-9
1
1
1
1
0
0
0
0
0
0
0
0
0
0
0
0
-1
-1
0
-1
-1
-1
-1
-1
-1
0
0
0
0
0
0
0
0
0
0
0
0
0
0
0
0
0
0
0
0
0
0
-1
-1
-1
-1
-1
-1
-1
-1
-1
-1
-1
0
0
0
0
0
0
0
0
0
0
0
0
0
0
0
0
-1
-1
-1
-1
-1
-2
-2
-2
-2
-2
-2
-3
-3
-3
-3
-3
-1
-1
-1
-1
-1
-1
-1
-1
-1
-1
-2
-2
-2
-2
-2
-3
-3
-3
-3
-3
-3
-3
-4
-3
-4
-4
-4
-4
-4
-4
-4
-4
-4
4
4
4
4
4
3
-1
-2
-2
-2
-2
-2
-2
-2
-2
-2
-2
-2
-2
-2
-3
-3
-3
-3
-3
-3
-3
-3
-3
-3
-3
-3
-3
-3
-3
-3
-3
-4
-4
-4
-4
-4
-4
-4
-4
-4
-4
-4
-4
-4
-4
-4
-4
-4
-4
-4
-4
-4
-4
-4
-4
-4
-4
4
4
4
4
4
4
4
4
4
-4
-4
-4
-4
-4
-4
-4
-4
-4
-4
-4
-4
-4
-4
-4
-4
-4
-4
-4
-4
-4
-4
-4
-4
-4
-4
-4
-4
-4
-3
-3
-3
-3
-3
-3
-3
-3
-3
-3
-3
-3
-3
-3
-3
-3
-3
-3
-3
-3
-4
-3
-3
-3
-3
-3
-3
-3
-3
-3
-3
-3
-3
-4
-4
-4
-4
-4
-4
4
4
4
-3
-3
-3
-2
-3
-3
-3
-3
-3
-3
-3
-2
-3
-3
-3
-3
-3
-3
-3
-3
-3
-3
-3
-3
-3
-3
-3
-3
-3
-3
-3
-3
-3
-3
-3
-3
-3
-3
-3
-3
-3
-3
-3
-3
-3
-3
-3
-4
-4
-4
-4
-4
-4
-4
-4
-4
-4
-3
-2
-3
-3
-3
-3
-3
-3
-4
-4
-4
-4
-4
-4
-4
4
-4
-4
-4
-4
-4
-4
-4
-4
-4
-4
-4
-4
-4
-4
4
-4
-4
-4
-4
-3
-3
-3
-3
-3
-3
-4
-4
-3
-4
-4
-1
-3
-1
-1
-2
-2
-2
-2
-2
-3
-3
-3
-3
-3
-3
-3
-3
-3
-3
-3
-3
-4
-3
-3
-4
-4
-3
-3
-3
-3
-3
-3
-3
-2
-2
-2
-3
-3
-3
-3
-3
-3
-3
-3
-3
-3
-4
-4
-4
-4
4
4
4
3
2
2
2
2
3
3
3
3
3
3
3
3
2
2
2
2
2
2
2
2
1
1
1
1
1
1
1
0
0
0
0
0
0
2
2
2
2
2
2
2
2
1
1
1
1
1
1
1
1
1
1
1
1
1
1
1
0
0
0
0
0
0
0
0
0
0
0
0
0
0
3
3
3
3
3
3
3
3
3
3
3
3
3
3
3
3
3
3
3
3
2
2
2
2
2
2
2
2
2
2
2
2
2
2
2
2
2
2
1
1
1
1
1
1
1
1
1
1
1
1
1
1
1
1
1
1
1
1
1
1
1
1
2
1
1
1
1
1
1
1
1
1
1
1
1
1
1
1
1
1
1
1
1
1
1
1
1
1
1
1
1
1
1
1
1
1
1
1
1
1
1
1
1
1
1
1
1
1
1
1
1
1
1
1
1
2
1
1
1
1
1
1
1
1
1
1
1
1
1
1
1
1
1
1
1
0
0
0
1
0
1
1
2
2
2
2
2
2
2
2
1
1
1
1
1
2
2
2
2
2
2
2
2
2
2
2
2
2
2
2
2
1
2
1
1
1
1
1
2
1
1
1
1
1
1
1
1
1
1
1
1
1
1
1
1
1
1
1
1
1
1
1
1
1
0
0
0
0
0
0
0
0
1
1
1
1
1
1
-8
0
0
0
0
0
1
1
1
1
1
1
1
1
1
1
1
1
0
1
1
1
1
1
1
2
2
1
2
2
1
1
2
2
2
2
2
2
2
2
2
2
1
2
1
2
2
2
2
2
2
2
2
2
2
2
2
2
2
2
2
2
2
2
2
2
2
2
2
2
2
2
2
2
2
1
1
1
1
1
1
1
1
1
1
1
1
1
1
1
1
2
2
2
2
2
2
2
2
2
2
2
2
2
2
2
2
2
2
2
3
3
3
3
3
3
3
3
3
3
3
3
3
3
3
3
3
3
3
3
3
3
3
3
3
3
3
3
3
3
3
3
3
3
3
3
3
3
2
2
2
2
2
2
2
1
2
2
2
2
2
2
2
2
2
2
2
2
2
2
2
2
2
2
2
2
1
2
2
2
2
1
1
1
1
1
1
1
1
0
0
0
0
0
0
0
0
0
1
0
1
0
0
0
0
0
1
1
1
1
-8
2
2
2
2
2
2
2
2
2
2
2
2
2
2
2
2
2
2
2
2
2
2
2
2
1
1
1
0
0
0
0
0
0
0
1
0
0
0
0
0
0
0
1
0
1
1
1
1
1
1
1
1
1
1
1
1
1
1
1
1
1
1
1
1
1
1
1
1
1
3
2
2
3
2
1
1
1
1
1
1
1
1
1
1
1
1
1
1
2
2
2
2
2
2
2
2
2
1
1
1
1
1
1
1
1
1
1
1
1
1
1
1
1
1
1
1
1
1
1
-8
1
1
1
1
1
1
0
0
0
0
0
0
0
0
0
0
0
0
0
0
0
0
0
0
0
0
0
0
0
0
0
0
0
0
0
0
0
0
0
0
0
0
0
0
0
0
0
0
0
0
0
0
0
0
0
0
0
0
1
1
1
1
1
1
1
1
1
1
1
1
0
0
0
0
0
0
0
0
0
0
0
0
0
0
0
0
0
0
0
0
0
0
0
0
0
0
0
0
0
0
0
0
0
0
0
0
1
1
0
2
-7
2
2
2
2
2
2
2
2
2
2
2
2
2
2
2
2
2
2
-7
2
3
2
2
2
2
2
1
1
1
1
2
2
2
2
2
2
2
2
2
2
2
2
2
2
2
2
2
2
2
2
2
1
0
1
1
1
1
1
1
1
1
1
1
1
0
1
0
1
0
1
0
0
0
0
0
2
2
2
2
3
3
3
3
3
3
3
3
-6
-15
20
-48
-57
49
40
31
22
12
3
3
3
-2
-2
-2
-3
-4
-4
-4
4
4
4
4
4
4
4
-5
4
-5
4
2
3
2
-7
-16
-25
19
10
1
2
2
2
2
2
2
2
-7
10
1
1
1
1
1
1
1
1
1
2
1
1
1
2
2
3
2
2
2
2
2
-7
-16
-25
-34
-44
-53
-62
-71
-79
79
70
61
52
43
34
25
16
7
-2
-1
-1
-1
-1
-1
-1
-2
-2
-2
-2
-2
-2
-2
-2
-2
-2
-2
-2
-2
-2
-2
-2
-2
-2
-2
-2
-2
-2
-2
-2
-2
-1
-1
7
-2
-2
-2
-2
-2
-2
-2
-2
-2
-2
-2
-2
-2
-2
-2
-2
-2
-2
-2
-2
-2
-2
-2
-3
-2
-1
-1
-2
-1
-1
-2
-1
-1
-1
-1
-1
-1
-1
-1
-1
-1
-1
-1
-1
-1
-1
-1
-1
-1
-1
-1
-1
-1
-1
-10
-19
-28
-37
32
23
14
5
-4
-3
-3
-3
-3
-3
-2
-2
-2
-2
-2
-2
-2
-2
-2
-2
7
-2
-2
-2
-2
-2
-2
-1
-2
-2
-1
-1
-1
-2
-2
-2
-2
-2
-1
44
35
26
17
8
-1
8
-2
-2
-2
-2
-2
-2
-2
-2
-2
-1
-1
-1
-1
-2
-2
-1
-1
-2
-2
-2
-2
-2
-2
-2
-2
-3
-2
6
-3
-2
-2
-2
-2
-2
-2
-2
-2
-1
-2
-1
-1
-1
-1
-1
-1
-1
7
-1
-1
-1
-1
-1
0
-1
-1
-1
-1
-1
-10
-19
-28
-37
-46
-55
-64
-73
-82
-91
-100
-109
101
92
83
74
65
56
47
37
28
19
10
1
-8
1
1
-8
1
1
1
1
1
1
1
1
1
1
1
0
0
0
0
0
0
0
0
0
0
0
0
0
0
0
1
1
1
1
0
0
0
0
0
0
0
0
0
0
0
0
0
0
0
0
0
0
0
0
0
0
0
0
0
0
0
0
0
0
0
0
0
0
0
0
0
0
0
0
0
0
0
-1
0
0
0
0
2
3
2
2
2
1
1
1
-8
0
9
0
-9
1
1
1
1
1
1
1
1
-8
1
-8
0
0
0
0
0
0
0
0
0
0
1
1
2
1
2
1
2
2
2
2
2
2
2
2
2
2
2
2
2
2
2
2
2
2
2
2
2
2
2
2
2
2
2
2
2
2
2
2
2
2
2
2
2
2
2
2
2
2
2
1
1
1
1
1
1
1
1
1
0
0
0
0
0
0
0
0
0
0
0
0
0
0
0
0
0
0
0
0
0
0
0
1
-8
1
-8
0
1
1
1
1
1
1
1
1
1
1
1
1
1
1
1
1
1
1
1
1
1
1
1
1
1
1
0
0
0
0
0
0
0
0
0
0
0
0
0
0
0
0
0
0
0
0
0
0
0
0
0
0
0
0
0
0
0
0
0
0
0
0
0
0
0
0
0
1
1
1
1
1
-8
1
1
1
1
1
2
1
1
1
1
1
-8
1
0
0
1
1
1
1
1
0
0
0
-9
1
1
1
1
1
1
1
1
1
1
1
1
1
1
1
1
1
1
1
1
1
1
1
1
1
1
1
1
1
1
1
1
1
1
1
1
1
1
1
1
1
1
1
1
2
2
2
2
2
2
2
2
2
1
1
1
1
1
1
1
1
2
1
2
2
2
2
2
2
2
2
1
2
1
-8
0
0
0
-9
1
2
2
2
-7
2
2
2
2
2
2
2
2
2
1
1
-8
1
1
-8
2
2
-7
1
1
1
1
1
1
1
1
1
1
1
-8
10
1
2
2
-7
2
2
2
2
2
-7
2
1
2
2
2
1
2
2
-7
2
2
1
2
2
1
1
1
1
1
1
1
1
1
1
1
1
1
1
1
1
1
1
1
3
1
1
1
1
1
1
1
1
1
1
1
1
1
1
1
1
1
1
1
1
1
1
1
1
1
1
1
1
1
1
1
1
1
1
1
1
1
-8
2
2
2
2
2
2
1
2
2
2
2
2
2
2
2
2
2
2
2
2
2
2
1
1
2
1
1
1
1
1
1
1
1
1
1
1
1
1
1
1
1
1
1
1
1
1
1
1
1
1
1
1
1
1
-8
0
0
0
0
0
0
0
0
-9
-18
-27
26
17
8
-1
-1
-1
-1
-1
-1
-1
-1
-1
-1
-1
-1
0
0
0
0
0
0
0
0
0
0
0
0
0
0
0
0
0
1
1
-8
0
1
-1
0
0
0
1
1
0
1
1
1
1
2
1
1
1
0
1
0
0
0
0
0
-1
-1
0
0
-8
0
1
1
0
1
0
1
1
-8
0
1
-8
0
0
-9
1
1
1
1
1
1
1
0
1
0
0
0
0
1
0
0
-1
0
0
0
0
-1
-1
-3
-2
-2
-2
-2
3
1
2
2
2
3
-15
-24
-33
-42
-51
-60
-69
65
56
47
38
29
20
11
2
2
2
2
2
2
2
2
2
2
2
2
2
2
3
2
3
2
2
2
2
2
3
2
2
3
3
3
3
3
3
3
3
3
-14
13
4
-5
-14
-23
-32
-41
49
40
22
13
3
-15
-23
20
12
2
-7
-15
20
12
2
2
2
-6
3
-6
3
-5
-23
-32
-41
49
40
31
22
13
4
-5
-14
-23
-32
-41
-50
-59
-68
-77
-86
-95
-104
-113
-122
-131
-140
-149
-157
-203
-211
-220
-230
-248
-266
-275
-284
-293
-302
-311
317
308
299
290
281
272
263
254
245
236
227
218
209
200
191
182
173
164
155
146
137
128
119
110
101
92
83
74
65
56
47
38
29
20
11
2
2
3
3
3
3
3
-6
3
3
-5
4
4
4
4
-5
4
-5
-14
-24
-32
-41
-50
66
57
48
39
30
20
12
3
-60
-69
-78
-87
-96
-105
-159
-168
-177
-232
-258
-267
-106
-177
29
2
3
2
1
3
3
2
2
2
2
2
2
2
2
2
2
2
2
3
3
2
2
3
3
3
3
3
3
3
3
3
3
3
-6
-7
3
-6
11
2
3
2
2
2
2
2
2
2
2
-7
3
-6
3
-6
2
3
3
3
3
3
-5
3
3
3
3
2
2
2
3
2
2
2
2
2
2
2
3
2
2
-7
2
2
2
2
2
2
2
2
2
2
2
2
2
2
3
3
-7
-15
-24
-33
-42
48
39
29
12
-6
-15
20
11
10
1
-8
1
1
1
2
1
2
2
2
1
1
2
1
1
2
1
-8
2
2
2
2
2
2
2
1
2
2
2
3
2
2
2
2
2
1
2
2
2
2
2
2
2
2
2
1
2
1
1
1
1
1
1
1
1
1
1
-8
2
1
1
1
2
1
2
2
1
2
2
2
2
2
2
2
2
2
2
2
2
2
2
2
2
2
2
2
-7
2
2
2
2
2
2
2
2
2
2
2
2
2
2
2
2
2
2
2
2
2
2
2
2
2
2
2
2
2
2
2
2
2
2
3
2
2
1
2
2
2
2
2
2
2
3
3
3
2
2
3
3
2
2
2
-4985
0
1
1
1
1
1
2
0
1
0
0
0
-1
-1
9
0
0
0
0
0
0
-1
-1
-1
-1
0
0
0
0
0
0
0
0
0
0
0
0
0
0
0
0
0
0
0
0
0
0
0
0
0
0
0
0
0
0
0
0
0
-1
-1
-1
-1
0
0
0
0
0
1
0
-1
0
0
0
0
0
0
0
0
0
0
0
-1
0
-1
-1
-1
-1
-1
-1
-1
-1
-1
0
0
0
0
0
0
0
0
0
0
0
0
0
-1
-1
-1
-1
-1
-1
-1
-1
-1
-8
0
0
-1
-1
0
0
0
-1
0
0
0
-1
-1
-1
-1
-1
-1
-1
-1
-1
-1
-1
-1
-1
-1
-1
-1
-1
-1
-2
-2
-2
-2
-2
-2
-2
-2
-2
-2
-2
-2
-2
-2
-2
8
-1
-1
-1
-2
-1
-2
-2
-2
-2
-2
-2
-2
-2
-2
-2
-1
-2
-2
-2
-2
-2
-2
-2
-2
-2
-3
-3
-3
-3
-3
-4
-4
-4
-4
-4
-4
-4
-4
-4
-4
-4
-4
-4
-4
-3
-3
-3
-3
-3
-2
-2
-2
-2
-2
-2
-2
-2
-2
-2
-2
-2
-2
-2
-2
-2
-2
-2
-2
-2
-2
-2
-2
-2
-2
-2
-2
-2
-2
-2
-2
-2
-2
-2
-2
-2
-2
-2
-2
-2
-2
-2
-2
-2
-2
-2
-2
-3
-3
-3
-3
-4
-4
-4
0
-1
-1
-1
-1
-1
-2
-2
-2
-2
-2
-2
-2
-2
-2
-1
-1
-1
-1
-1
-1
-1
-1
-1
-1
-1
-1
-1
-1
-1
-1
-1
-1
-1
-1
-1
-1
-1
-1
-1
-1
-1
-1
-1
-1
-3
-3
-3
-3
-3
-3
-4
-4
-3
-4
-1
-1
-1
-1
-1
-1
-2
-2
-2
-2
-2
-2
-1
-1
-1
-1
-1
-1
-1
-1
-1
-1
-1
-1
-1
-2
-1
-2
-2
-2
-2
-2
-2
-2
-2
-2
-2
-2
-1
-2
-2
-1
-1
-1
0
0
0
0
0
0
0
0
0
0
-1
-1
-1
-1
-1
-1
-1
-1
-2
-2
-1
-2
-1
-2
-1
-2
-1
-1
-2
-1
-1
-1
-1
-1
-1
-1
-1
-1
-1
-1
-1
-1
-1
-1
-1
-1
-1
-1
-2
-2
-2
-2
-2
-1
-1
-1
-1
-1
0
-1
0
0
0
0
0
0
0
0
0
0
0
0
0
0
0
0
1
1
1
1
1
1
2
2
2
2
2
2
2
2
2
2
1
1
1
1
1
1
1
1
1
2
3
3
3
3
3
3
2
2
1
2
2
2
2
2
2
2
2
1
1
1
1
1
1
1
1
1
1
1
0
0
0
-1
-1
-2
-2
-3
-3
-3
-3
-3
-3
-4
-4
-4
-4
-4
-4
4
4
4
4
4
3
3
3
2
2
3
3
3
2
-7
3
3
3
3
-6
2
2
2
2
2
2
2
2
2
2
2
2
2
1
2
2
2
2
3
3
3
3
3
2
2
-7
10
1
-8
11
2
2
2
2
-7
0
1
1
1
1
1
1
1
1
0
0
0
0
0
0
1
1
1
1
1
1
1
1
1
1
1
1
1
1
1
1
1
0
0
0
1
1
1
1
1
1
1
1
0
1
1
0
0
0
0
0
0
0
0
0
0
0
0
0
0
0
0
0
0
0
0
0
-1
-1
-1
-1
-1
-1
-1
-1
0
0
0
0
0
0
0
0
0
0
0
1
-8
1
1
1
1
1
1
1
1
1
1
1
1
1
0
0
0
0
0
0
0
0
0
0
0
0
0
0
0
0
0
0
0
0
0
0
0
0
0
0
0
0
-1
-1
-1
0
-1
-1
-1
-1
-1
-1
-1
-1
-2
-2
-2
-2
-2
-2
-2
-2
-2
-2
-1
-1
-1
-1
-1
-1
-1
-1
-1
-1
-1
-1
-1
-1
-1
-1
-1
-1
-1
-1
-1
-1
0
0
0
0
-1
-1
-1
-1
-1
-1
-1
-1
-1
0
0
0
0
-2
-2
-2
-2
-2
-2
-2
-2
-2
-2
-1
-1
-1
-1
-1
0
0
0
0
0
-1
-1
-1
-1
-1
-1
-1
-1
-1
-1
-1
-1
-1
-1
0
0
0
-1
-1
-1
-1
-1
-1
-1
-1
-1
-1
-1
-1
-1
-1
-1
-1
-1
-1
-1
-1
-1
-1
8
-1
-1
0
0
0
0
0
0
0
0
0
-1
0
1
1
0
1
0
0
0
0
0
0
0
0
-1
-1
-1
-1
-1
0
-1
0
0
0
0
0
0
0
0
0
0
0
0
0
0
0
0
0
0
8
-1
-1
-1
-1
-1
0
0
0
0
0
0
0
0
0
0
0
0
-1
-1
-1
-1
-1
-1
-1
-1
-1
-1
-1
-1
-1
-1
-1
-1
-1
-1
-1
-1
-1
-1
-1
-1
-1
-1
-1
-1
-1
-1
-1
-1
-1
-1
-1
-1
-1
-1
-1
-1
-1
-1
-1
-1
-1
-1
-1
-1
-1
-1
-1
-1
-1
-1
-1
-1
-1
-1
-1
-1
-1
-2
-2
-2
-2
-2
-1
-1
-1
-1
-1
-1
-1
-1
-1
-1
-1
-1
-1
-2
0
0
0
0
-1
-1
-1
-1
-1
-1
-1
-1
-1
-1
-1
-1
-1
-1
-1
-1
-1
-1
-1
-1
-1
-1
-1
-1
-1
-1
-1
-1
0
0
0
0
-1
-1
-1
-1
-1
-1
-1
-1
-1
-1
-1
-1
-1
-1
-1
-2
-2
-2
-2
-2
-2
-2
-2
-1
-1
-1
-1
-1
-1
-1
-1
-1
-1
-2
-2
-2
-3
-3
-3
-3
-3
-3
-3
-3
-3
-3
-3
-4
-4
-4
4
3
3
3
3
3
3
3
3
2
2
2
2
2
2
2
2
2
1
1
2
0
1
1
1
1
1
1
0
0
0
0
0
0
0
1
0
1
-5
2
-7
2
3
2
-3
-3
-3
-3
-4
-4
-4
-4
-4
-4
-4
-4
-4
-4
-4
-4
-4
-4
-4
-4
-4
-4
-3
-3
-3
-3
-4
-4
-4
-4
-4
-4
-4
-4
-4
-4
-4
-4
-4
-4
-4
-4
-4
-4
-4
-4
-4
-4
-4
-4
-4
-4
-4
-4
-4
-4
-4
-4
-4
-4
-4
-4
-4
-4
-4
-4
-4
-4
-4
-4
-3
-3
-3
-4
-3
-3
-3
-3
-3
-4
-4
-4
-4
-4
-4
-4
-4
-4
-4
-4
-3
-3
-3
-3
-3
-3
-3
-3
-4
-3
-3
-3
-4
-4
-4
-4
-4
-4
-4
-4
-4
-4
-4
-3
-3
-3
-3
-4
-3
-3
-3
-3
-4
-4
-4
-4
-4
-4
-4
-4
-3
-3
-3
-3
-3
-3
-3
-3
-3
-3
-3
-3
-3
-3
-3
-3
-3
-3
-3
-3
-3
-3
-3
-3
-3
-3
-4
-4
-4
-4
-4
-4
-4
-4
-4
-4
-4
-4
-4
-4
-4
-4
4
4
4
4
4
4
4
4
4
4
4
4
4
4
4
4
4
4
4
4
4
4
4
4
4
4
4
4
4
4
4
4
4
4
4
4
4
4
4
4
4
4
4
4
4
4
4
4
4
4
4
4
4
4
4
4
3
3
3
4
3
3
3
3
3
3
4
4
4
4
4
4
4
4
4
4
4
4
4
4
3
4
4
4
4
4
4
4
4
4
4
4
4
4
4
4
4
4
4
4
4
4
3
4
4
4
4
-5
3
3
4
4
3
4
3
3
3
4
4
4
4
4
4
4
4
4
4
4
4
4
4
4
4
4
4
4
4
4
5
-4
-4
-4
4
4
4
4
3
3
3
3
3
3
3
3
3
3
3
3
3
3
3
3
3
3
3
3
3
3
3
3
3
3
-6
13
4
-5
12
3
4
3
-6
-15
-24
-33
38
29
20
11
2
-7
2
2
2
2
2
2
2
2
2
2
2
2
2
-7
-16
11
2
2
2
2
2
2
2
2
2
2
2
2
2
-7
1
1
1
1
1
1
1
1
1
1
1
1
1
1
1
1
1
1
1
2
2
2
3
3
3
3
3
3
3
3
3
3
2
2
2
2
2
2
2
2
2
2
3
3
3
3
3
3
3
3
3
2
2
2
2
3
2
3
3
3
3
3
3
3
3
3
3
2
2
2
3
2
2
2
2
2
2
2
2
2
1
1
1
1
1
1
1
1
1
2
1
1
2
1
1
1
1
1
1
1
1
1
1
1
1
1
1
0
0
0
4
3
3
3
3
3
3
3
3
2
2
2
2
2
2
-7
2
2
3
-6
4
3
4
4
4
4
4
4
4
4
4
4
4
2
2
2
2
2
2
2
1
-7
2
3
-2
-2
-2
-2
-2
-2
-2
-2
-2
-2
-2
-2
-2
-2
-2
-2
-2
-2
-2
-2
-2
-2
-2
-2
-2
-2
-2
-2
-2
-2
-2
-2
-2
-2
-2
-2
-2
-2
1
1
0
1
1
1
1
1
1
1
1
0
1
0
0
0
0
0
0
0
0
0
0
0
0
0
0
0
0
0
0
0
1
1
1
1
-8
1
0
0
0
0
0
0
0
0
0
1
1
1
0
0
0
0
0
0
0
0
0
1
0
0
0
0
0
0
0
0
0
0
-1
-1
1
1
1
1
1
1
1
1
1
1
1
1
1
1
1
1
2
2
2
2
2
2
2
2
2
2
2
2
2
2
2
2
2
2
2
2
2
2
2
2
2
2
2
2
2
2
2
3
2
3
3
3
2
2
2
2
2
2
2
3
1
2
2
2
2
2
2
1
1
2
1
2
1
1
1
1
2
2
2
1
2
1
2
1
2
1
2
1
1
1
1
-8
11
2
2
2
2
3
-7
2
2
-7
2
-7
1
1
1
1
1
2
2
2
-7
2
2
2
2
2
2
2
2
2
2
2
2
2
2
1
1
2
2
2
2
2
1
2
-7
2
2
2
2
2
2
2
2
2
2
2
2
2
2
2
2
2
2
2
2
2
2
2
2
2
2
2
2
3
2
2
2
2
2
2
2
2
2
2
2
2
2
2
2
2
2
2
2
2
2
2
2
2
2
2
2
2
2
2
2
2
2
4
3
-6
12
4
3
4
3
3
4
3
3
3
4
2
3
3
3
3
3
3
3
3
3
3
4
3
3
3
3
3
3
3
3
2
3
2
2
2
2
2
2
2
2
1
1
1
1
1
1
1
1
1
0
1
1
1
1
1
1
1
1
0
0
0
0
0
0
0
0
0
0
0
0
0
0
0
0
0
0
2
-10
-4
-4
-4
-4
-4
-4
-4
-3
-4
-4
-4
-4
-4
-4
-4
-4
-4
-4
-4
-3
-4
-4
4
4
5
-4
-4
-4
-4
-4
-4
-4
-4
-4
-4
-4
-4
-4
-4
-3
7
-2
-2
-2
-2
-2
-2
0
0
9
-1
-1
0
9
0
-9
-18
-36
-45
-54
46
37
28
-26
-35
-53
-71
-80
75
66
57
48
39
30
12
3
-6
0
0
0
-1
-1
-1
-1
-1
-1
-1
-1
-1
-1
-1
-1
-1
-1
-1
0
0
0
0
-1
-1
-1
-1
-1
-1
-1
0
9
0
0
1
0
0
0
0
0
0
-1
0
0
0
1
0
0
0
0
0
0
0
0
0
0
-1
-1
0
0
0
0
0
0
0
0
0
0
0
0
0
0
0
0
0
0
0
0
0
0
0
0
0
0
0
0
0
0
0
1
1
-7
1
2
2
2
2
1
1
1
-8
1
1
2
1
1
1
1
2
1
1
2
1
1
1
1
0
2
1
1
0
1
1
1
1
1
1
0
0
0
0
0
0
0
0
1
1
1
1
1
1
1
1
2
1
1
1
1
1
1
1
1
1
1
1
1
1
1
1
1
1
1
1
1
1
1
1
1
1
1
1
1
-8
1
1
2
1
1
1
-8
9
0
0
0
0
0
-3
4
-4
-4
-4
-4
-4
-4
-4
-4
-4
-4
-4
-4
-4
-4
-4
-4
4
-41
-8
132
113
-3
-2
-2
-2
-2
-2
-2
-2
-1
-2
-2
-2
-2
-2
-3
-3
-3
-3
-3
-2
-2
-2
-2
-2
-2
-2
-1
6
-3
-3
-3
-3
-3
-3
-3
-2
-2
-2
-3
-2
-2
-2
-2
-2
-2
-2
-3
-3
-3
-2
-3
-2
-3
-2
-3
-2
-2
-2
-2
-3
-3
-3
-2
-3
-3
-2
-1
-2
-2
-2
-2
-2
-2
-3
-2
-2
-2
-2
-2
-2
-2
-2
-2
-2
-2
-2
-3
-2
-2
-2
-2
-2
-2
-2
-2
-2
-2
-2
-2
-2
-2
-2
-2
-2
-2
-2
-2
-2
-2
-2
-2
-2
-2
-2
-2
7
-2
-2
-2
-3
-2
-3
-3
-4
-3
-3
-4
-3
-3
5
-4
-2
-4
-3
-3
-3
-3
-3
-3
-4
-4
-4
-4
-4
-4
-4
-4
-4
-4
-4
-4
-4
-4
-4
-4
-4
-3
-3
-3
-3
-4
-3
-4
-4
-4
-4
-4
5
4
-5
-14
22
13
4
4
4
4
4
4
4
4
4
4
4
4
4
4
4
4
4
4
4
4
4
4
-4
4
4
4
4
4
4
4
4
4
-4
4
4
4
4
4
5
4
4
4
-4
-4
-4
4
-4
4
-4
-4
-3
-4
-4
-4
-4
-4
-4
-4
-4
-4
-4
-4
-4
-4
-4
-4
-3
-3
4
1
1
1
1
1
2
1
1
1
1
1
1
1
1
1
1
1
1
1
1
1
1
1
1
-8
2
1
1
2
2
2
2
2
2
1
-8
1
3
1
1
1
1
1
1
1
2
1
1
1
1
1
1
1
1
2
1
2
1
1
1
1
1
1
1
1
1
1
-8
1
1
1
1
1
1
1
1
1
1
1
1
0
1
0
1
1
1
1
1
1
1
1
1
1
-8
1
1
-8
1
1
1
1
1
1
1
1
1
1
1
1
1
1
1
1
1
1
3
3
3
2
3
2
2
2
2
2
3
3
3
-6
2
-7
2
2
2
2
1
2
2
1
2
2
2
2
2
2
2
2
2
2
2
2
2
2
2
3
2
-6
3
3
3
3
3
3
3
3
4
4
4
4
4
4
4
3
3
-5
3
3
4
3
4
-5
4
-5
4
4
4
-4
13
4
4
4
4
4
4
4
-6
2
-419
-492
-717
0
1
1
1
2
1
2
0
1
-1
0
0
-1
0
0
0
0
0
0
0
0
-1
0
-1
-1
-1
-1
0
-1
0
0
0
0
0
0
0
0
0
0
0
0
0
0
0
0
0
0
0
0
0
0
0
0
0
0
0
0
0
0
0
0
0
1
1
1
1
1
1
0
0
0
0
0
-1
-1
-1
-1
-1
-1
-2
-2
-2
-2
-2
-2
-2
-2
-2
-1
-1
-2
-1
-1
-1
-1
-1
-1
-1
-1
-1
-1
-2
-2
-2
-2
-2
-2
-2
-2
-2
-2
-3
-2
-3
-3
-3
-2
-2
-2
-2
-2
-2
-3
-3
-3
-3
-3
-2
-2
-2
7
-2
-3
-2
-3
-3
-2
-2
-2
-2
-2
-2
-2
-2
-2
-2
-2
-2
-2
-2
-2
-2
-2
-2
-2
-2
-3
-3
-3
-3
-3
-3
-3
-3
-3
-3
-3
-3
-3
-3
-3
-3
-3
-3
-3
-3
-4
-4
-3
-3
-3
-3
-3
-3
-3
-3
-3
-3
-3
-3
-3
-3
-3
-4
-4
-4
-4
-4
-4
-4
-4
-4
-4
-4
-4
-4
-4
-4
-3
-3
-3
-3
-3
-3
-3
-3
-3
-3
-3
-3
-3
-3
-3
-3
-3
-3
-3
-3
-3
-3
-3
-3
-2
-2
-2
-2
-2
-2
-2
-2
-2
-2
-2
-2
-2
-2
-2
-2
-2
-2
-2
-2
-2
-2
-2
-3
-2
-2
-2
-2
-2
-2
-2
-2
-2
-2
-2
-2
-3
-3
-3
-3
-3
-3
-3
-1
-1
-1
-1
-1
-1
-2
-2
-1
-2
-2
-2
-2
-2
-2
-2
-2
-2
-2
-2
-2
-2
-2
-2
-2
-2
-2
-2
-2
-2
-2
-2
-2
-2
-2
-2
-2
-2
-2
-2
-2
-2
-2
2
2
1
1
1
0
0
0
0
0
0
0
0
0
0
-1
-4
-4
-4
-4
-4
-4
-4
-4
-4
-4
-4
-4
-4
-4
-4
-4
-4
-4
-4
-4
-4
4
3
3
3
3
3
3
3
3
3
4
4
-4
-4
4
-5
4
4
4
4
4
4
4
4
4
4
4
4
4
4
3
3
3
3
3
3
4
4
4
4
4
4
4
4
4
4
4
3
3
3
3
3
3
3
2
2
2
2
2
2
2
2
2
2
2
2
2
2
2
2
2
1
1
1
1
1
1
1
1
1
1
1
1
1
1
1
1
1
1
1
1
0
0
0
0
0
0
0
0
0
0
0
0
1
1
1
1
1
1
1
1
1
1
1
1
1
1
1
1
1
1
0
0
0
0
0
0
0
0
0
0
0
0
0
0
0
1
1
1
1
1
2
2
2
2
2
3
3
3
3
3
3
3
3
3
3
3
3
3
3
3
3
3
3
3
3
3
3
3
3
3
3
2
2
2
2
2
2
2
2
2
2
2
2
2
2
2
2
2
2
2
2
2
1
2
2
2
2
2
2
1
2
2
2
2
1
1
1
1
1
1
1
1
1
1
1
1
1
1
2
2
2
2
2
2
2
2
2
2
2
2
2
2
2
2
2
2
2
2
2
2
2
2
2
2
3
3
3
3
2
2
2
2
2
1
1
1
1
1
1
1
2
2
2
2
2
2
2
2
2
2
2
2
2
1
1
1
1
1
1
1
1
1
1
1
1
1
1
1
1
-8
2
2
2
2
2
2
2
2
2
2
2
2
2
2
2
2
2
2
2
2
2
2
2
2
2
2
2
2
2
2
2
2
2
2
2
2
2
2
2
2
2
2
2
1
1
1
1
1
1
1
1
1
1
1
1
1
2
2
2
2
2
2
2
2
2
1
1
1
1
1
1
1
1
1
1
1
1
2
2
2
2
2
2
2
2
2
2
2
2
2
2
1
2
1
1
1
1
1
1
1
1
1
1
1
1
1
1
1
1
1
1
1
1
1
1
1
1
1
0
0
0
1
1
1
1
1
1
1
1
1
1
1
1
1
1
1
1
1
1
1
1
1
1
1
1
1
1
1
1
1
1
1
1
1
1
1
1
1
0
0
0
0
0
0
0
0
0
0
0
0
0
0
0
1
0
1
1
1
1
1
1
1
1
1
1
1
1
1
1
1
1
1
1
1
1
1
1
1
1
1
1
0
0
1
1
1
1
1
1
1
1
1
1
1
1
1
1
1
1
1
1
1
1
1
1
0
1
1
1
1
1
1
1
1
1
1
1
1
1
1
1
1
1
0
0
0
0
0
0
0
0
0
0
0
0
0
0
0
0
0
0
0
0
0
0
0
0
0
0
0
0
0
0
0
0
0
0
0
0
0
0
0
0
0
0
0
0
0
0
0
0
0
0
0
0
0
0
0
0
0
0
0
0
0
0
0
0
0
0
0
0
0
0
0
0
0
0
0
0
0
0
0
0
0
0
0
0
0
0
0
0
0
0
0
0
0
0
0
0
0
0
0
0
0
0
0
0
0
0
0
0
0
0
0
0
0
0
0
0
0
1
0
0
0
1
1
0
1
1
0
0
0
0
0
1
1
1
1
1
1
1
2
2
1
1
1
1
2
1
-8
0
0
0
0
0
0
0
0
0
0
0
0
0
0
0
0
0
0
0
0
0
0
0
0
-9
8
-1
-1
-1
-1
-1
-1
-1
-1
-1
-1
-1
-1
-1
-1
-1
-1
-1
-1
-1
-1
-1
-1
-1
-1
-1
-1
-1
-1
-1
-1
-1
-1
-1
-1
-1
-1
-1
-1
-1
-1
-1
-1
-1
0
0
-1
-1
-1
-1
-1
-1
-1
-1
-1
-1
-1
-1
-1
-1
-1
-1
-1
-1
-1
-1
-1
-1
-1
-1
-2
7
-2
-2
-2
-2
-2
-2
-2
-2
-2
-2
-2
-2
-2
-2
-2
-2
-2
-2
-2
-2
-2
-2
-2
-2
-3
-3
-3
-3
-3
-3
-3
-2
-2
-2
-2
-2
-2
-1
-3
-3
-2
-2
-3
-2
-2
-2
-2
-3
-3
-3
-3
-2
-2
-2
-2
-2
-2
-2
7
-2
-2
-2
-2
-2
-2
-2
-2
-2
-2
-2
-2
-2
-2
-3
-2
-2
-2
-2
-2
-2
-2
-2
-3
-3
-3
-3
-3
-3
-3
-2
-3
-3
-3
-2
-3
7
-3
-3
-3
-3
-3
-2
-2
-2
-2
-2
-2
-2
-2
-2
-2
-2
-2
-2
-2
-2
-2
-2
-1
-2
-1
-1
-1
-1
-1
-1
-1
-1
-10
9
0
0
-1
-1
-1
-1
-1
-1
-1
-1
-1
-1
-1
-1
-1
-1
-1
-1
-1
-1
-1
-1
-1
-1
-1
-1
-1
-1
-1
-1
-1
-1
-1
-1
-1
-1
-1
-1
-1
-1
-1
-1
-1
-1
-1
-1
-1
-1
-2
-1
-2
-2
-2
-2
-2
-2
-2
-2
-2
-2
-2
-2
-2
-2
-2
-2
-2
-2
-2
-11
8
-1
-1
-1
-1
-1
-1
-1
8
-1
-1
-2
-2
-2
-2
-2
-2
-2
-2
-2
-2
-2
-2
-2
-2
-2
-2
-2
-2
-2
-2
-2
-2
-11
17
8
-1
-1
-1
-1
-1
-1
-1
-1
-1
-1
-1
-1
-1
0
-1
0
-1
-1
0
-1
-1
-1
-1
-1
-1
-1
-1
0
9
0
0
0
8
-1
-1
-1
-1
-1
-1
-1
-1
-1
-1
-1
-1
-1
-1
-1
-1
-1
-1
0
0
8
-1
8
-1
-1
-1
-1
-1
-1
-1
-1
-1
-1
-1
-1
-1
-1
9
0
-1
0
0
-1
0
0
0
0
0
0
0
0
0
0
0
0
0
0
1
1
1
1
1
1
1
1
1
1
1
1
2
2
2
2
2
2
2
2
2
2
2
2
2
2
3
3
3
3
3
4
4
4
4
-5
5
-4
-4
-13
-22
-31
-40
46
37
28
19
10
1
1
1
1
1
1
-8
2
2
2
2
2
2
2
2
2
2
2
2
2
2
2
2
2
2
2
2
2
2
2
2
2
-7
12
3
3
3
3
3
3
2
2
2
2
2
2
2
2
2
2
2
2
2
2
2
2
2
2
-7
3
-6
3
3
3
3
3
3
3
3
3
3
3
3
3
3
3
3
3
3
2
2
2
3
3
3
3
3
3
3
3
3
3
3
3
4
4
4
4
4
4
4
4
4
4
4
4
3
3
4
4
4
4
4
4
4
4
4
4
4
4
5
-4
-4
-4
-4
-4
-4
-4
4
-4
-4
-4
4
-4
4
5
3
5
4
3
3
3
3
3
3
3
3
3
3
3
3
3
3
3
3
3
3
3
3
3
3
3
3
3
3
3
3
3
3
3
3
3
4
4
4
4
4
4
4
4
4
4
4
4
4
3
4
4
4
4
4
4
4
4
4
4
4
4
4
4
4
4
4
-4
-4
4
4
4
4
4
4
4
4
4
4
4
4
4
4
4
4
4
4
4
4
4
4
4
4
4
4
4
4
4
4
4
4
4
4
4
4
4
4
4
4
4
4
4
4
4
4
4
4
4
4
4
4
4
4
4
4
4
4
4
4
4
4
4
4
4
4
4
4
4
4
4
4
4
4
4
4
4
4
4
4
4
4
-4
-4
4
4
4
4
4
-4
-4
-4
-4
-4
-4
-4
-4
-4
-4
-4
-4
-4
-4
-4
-4
-4
-4
-4
-4
-4
-4
-4
-4
-4
-4
-3
-4
5
-3
-5
4
4
-5
5
-4
4
4
4
4
4
4
4
-4
4
4
4
4
4
4
4
4
4
4
4
4
4
4
4
4
4
4
1
2
2
1
1
1
1
1
1
1
1
1
1
4
4
4
4
4
4
4
4
4
4
4
4
4
4
4
4
4
4
4
3
4
3
3
2
3
3
3
2
-4
-4
-4
4
4
4
4
4
4
4
4
4
4
4
4
4
4
4
3
4
4
4
4
4
4
4
4
3
3
3
3
3
4
4
4
4
4
3
3
3
3
3
3
3
3
3
2
3
3
3
4
4
4
4
3
3
2
2
3
3
-6
3
4
4
4
3
3
3
3
3
3
3
3
3
3
3
3
3
3
3
3
3
3
3
3
3
3
3
3
3
3
3
3
3
3
3
3
3
3
3
3
3
3
3
3
3
3
3
3
3
3
3
3
3
3
2
-2
-3
-4
-4
-3
-3
-4
-4
-4
-4
-4
-4
-4
-4
-4
4
4
-4
-4
-3
-3
-3
-4
-4
-4
4
4
-4
-4
5
-4
4
-4
-4
-4
-4
-4
-4
-4
-4
4
-4
4
4
4
4
4
4
4
4
4
4
4
4
4
4
4
4
4
-4
4
4
4
4
4
4
4
4
4
4
4
4
4
4
4
4
4
-4
4
4
4
4
4
-4
-4
-4
-4
-4
-4
-4
-4
-4
-4
-3
-3
-3
-3
-3
-3
-3
-3
-3
-3
-3
-3
-3
-3
-3
-3
-3
-3
-3
-3
-3
-3
-3
-3
-3
-3
-3
-3
-3
-3
-3
-3
-3
-3
-3
-4
-3
-3
-3
-3
-3
-3
-3
-3
-3
-3
-3
-3
-3
-3
-4
-3
-3
-3
-4
-4
-4
-4
-4
-4
4
4
4
4
-5
-14
13
4
5
-4
5
-4
-4
-4
5
-4
5
-4
-4
-4
-4
-4
-4
-4
-4
-4
-4
-4
-4
5
4
5
-4
4
4
5
4
4
4
4
4
4
4
4
4
4
4
4
4
4
4
4
4
-4
-4
-4
-4
-4
-4
4
4
-4
4
4
4
4
4
4
4
4
4
4
4
4
4
4
4
4
4
4
4
4
4
4
4
4
4
4
4
4
4
3
3
3
3
3
4
3
3
3
3
3
3
3
3
3
3
3
3
3
3
3
3
3
3
3
3
3
3
3
3
3
3
3
3
3
3
3
3
3
3
3
3
3
3
3
3
3
3
3
3
3
3
3
3
3
3
3
3
3
3
3
3
3
2
3
3
3
3
3
3
3
3
3
3
3
3
3
3
3
3
3
2
3
3
3
3
3
3
3
3
4
4
3
4
4
4
4
4
-4
-4
-4
-4
4
4
-4
-4
4
4
-5
4
4
-5
3
4
-4
-4
4
4
4
4
4
3
4
-4
-4
-4
-4
-4
-4
-4
-4
-4
-4
-4
-4
-4
-4
-4
-4
-4
-4
-4
-4
-4
-4
-4
-4
-4
-4
-4
-4
4
4
4
4
4
-3
-3
7
-2
6
-3
-4
-4
-4
-4
-4
-4
-4
-4
-4
-4
-4
-4
-4
-4
-4
-4
-4
-4
-4
-4
-4
-4
-4
-4
-4
-4
-4
-4
-4
-4
-4
-4
-4
-4
-3
-4
-4
-4
-4
-4
-4
-4
-4
-4
-4
-4
-4
-4
-4
-4
4
5
-3
-4
-4
-4
-4
-4
5
-4
-4
-4
-4
-4
-4
-4
-4
-4
-4
-4
-4
-3
-3
-4
-4
-4
-4
-3
-3
-3
-3
6
-3
-3
-4
-3
-3
-3
-2
-3
-3
-3
-3
-3
-3
-4
6
-3
-3
-3
-3
-2
-2
-2
7
-2
-2
-2
-1
-2
-2
-12
-21
23
14
5
-4
-4
-4
-4
-4
6
-3
-4
-4
-2
-4
-3
6
-3
-3
-50
-59
48
39
30
21
12
102
56
11
3
-7
-34
-43
-52
56
47
38
29
20
11
2
-7
-16
-150
-159
-168
-178
182
173
164
155
146
137
118
101
83
74
65
56
47
38
29
20
11
2
2
-8
2
2
2
2
2
2
2
2
2
2
2
2
2
2
1
2
2
2
2
3
3
2
3
3
4
4
4
4
4
4
4
-6
-14
-32
-41
-51
-60
-69
66
57
48
-41
-50
-59
-69
-78
-87
-96
100
91
82
73
64
55
37
28
19
10
1
-8
2
-348
-402
-447
-510
-519
-528
-537
-546
-555
-564
-573
-582
-591
-600
721
703
694
685
676
667
658
648
532
514
505
496
487
478
469
451
442
433
424
415
397
388
379
361
352
343
334
316
307
298
289
271
262
253
244
235
226
217
208
199
190
181
172
163
154
1
1
-8
2
2
1
2
2
2
2
2
2
1
2
2
2
2
2
2
2
2
2
2
2
2
2
2
2
2
2
1
2
1
1
2
2
1
1
1
1
1
-8
10
2
2
2
2
2
2
2
2
2
2
2
-64
-154
-190
-199
-208
-217
-226
-271
-370
-379
-388
-397
-406
-415
-424
-433
-442
-451
-460
-469
-487
-506
-523
-568
-577
-595
-604
-622
-631
-640
-649
-658
-667
-676
-694
-703
-721
-748
-757
-766
-775
-784
-793
-838
-910
-919
-928
-955
-964
922
913
689
680
661
465
285
230
220
-60
-13004
