96
78
69
50
41
32
23
14
5
-4
4
4
-5
-13
-22
-31
30
21
12
3
3
3
3
4
4
4
4
-4
-4
-4
-4
-3
-3
-3
-3
-3
-3
-3
-3
-4
4
4
4
4
3
4
3
3
3
3
3
3
4
-4
-4
-4
-4
-4
-4
3
3
3
3
4
4
4
4
3
3
3
3
3
4
4
4
4
4
4
4
4
4
4
4
4
3
3
3
3
3
3
3
3
4
4
4
4
4
4
4
4
4
4
3
3
3
3
3
3
3
3
3
3
3
4
3
3
3
3
3
4
4
4
4
4
4
-5
3
2
2
2
2
2
2
2
2
2
3
3
3
3
3
3
3
3
3
3
3
3
3
2
2
2
3
2
2
2
2
2
2
2
2
2
2
2
2
2
3
3
3
2
2
2
3
3
3
3
3
3
3
3
3
3
3
3
3
3
3
3
3
3
3
3
3
3
3
3
2
2
2
2
2
2
2
2
2
2
2
2
2
2
2
2
2
2
2
2
2
2
2
2
2
2
2
2
2
2
2
2
2
2
2
2
2
2
2
2
2
2
2
2
2
2
2
2
2
2
2
2
2
2
3
2
3
3
3
3
3
3
3
3
3
4
4
4
4
4
4
4
4
4
4
4
4
4
4
4
4
4
4
4
4
4
4
4
4
4
4
4
4
4
4
4
4
4
3
3
4
4
4
4
4
4
4
4
4
4
4
4
4
4
4
4
4
4
4
4
4
4
4
4
4
4
4
4
4
4
4
4
4
4
4
4
4
4
4
4
4
3
3
3
3
3
3
3
3
3
3
3
3
3
3
3
3
3
2
2
2
2
2
2
2
2
2
2
2
2
2
2
2
2
2
2
2
2
2
2
2
2
2
2
2
2
2
2
-7
1
1
1
1
1
1
2
1
0
0
0
1
1
1
1
1
2
1
2
2
2
2
2
2
2
2
2
2
2
2
2
2
2
2
2
2
2
2
2
2
2
2
2
2
2
2
2
2
2
1
1
1
1
2
2
2
2
2
2
2
1
1
1
1
1
1
1
1
1
1
1
1
1
1
1
1
1
1
1
1
1
1
1
1
1
1
1
1
1
1
1
1
1
1
1
0
0
0
0
0
0
0
0
0
0
0
0
0
0
0
0
0
0
1
0
0
0
-9
9
0
1
1
1
1
0
0
1
1
1
1
1
1
1
1
1
1
1
1
1
1
1
1
1
1
2
2
2
2
2
2
2
2
1
1
1
1
1
1
1
1
1
1
1
1
1
1
1
1
0
0
0
0
0
0
0
0
-1
0
9
0
-1
-1
-1
-1
-1
0
0
0
0
0
0
0
0
0
1
1
1
1
1
1
1
0
0
-1
-1
-1
-1
-1
-1
-1
-1
-1
0
0
0
0
0
0
0
0
0
0
0
0
0
8
-1
-1
-1
-1
-1
-1
-1
-1
-1
-1
-1
-1
-1
-1
-1
-1
0
0
0
0
0
0
0
0
0
0
0
0
0
0
-9
8
-1
-1
-1
-2
-2
-2
-2
-2
-2
-2
-2
-3
-3
-3
-3
-3
-3
-3
-3
-3
-2
-2
-2
-1
-1
-1
-1
-1
-1
-2
-2
-2
-1
-2
-2
-2
-2
-2
-2
-2
-2
-2
-2
-2
-2
-2
-2
-2
7
-2
-2
-2
-2
-2
-2
-2
-1
-1
-2
-2
-2
-2
-2
-2
-2
-2
-2
-2
-2
-2
-2
-2
-2
-2
-2
-2
-2
-2
6
-3
-3
-3
-3
-3
-3
-3
-3
-2
-1
8
-1
-1
-1
-1
-1
-1
-1
-2
-2
-1
-1
-10
-19
-28
-37
41
32
13
4
4
3
3
4
4
4
4
4
4
5
4
4
4
4
4
4
4
4
4
4
4
3
3
3
3
2
2
2
3
2
2
-7
10
1
2
1
2
2
2
2
2
2
2
2
2
2
2
2
2
2
2
2
2
2
2
2
2
2
2
2
2
2
1
2
1
1
1
1
1
1
1
2
2
2
1
2
2
2
1
1
1
1
1
0
1
1
1
1
1
1
1
1
1
1
1
1
1
1
1
1
1
1
1
0
0
0
0
0
0
0
0
0
0
0
0
0
0
0
0
0
0
0
0
0
0
0
0
0
-1
-1
-1
-1
-1
-1
-1
0
0
0
0
0
0
0
0
0
0
0
0
0
0
0
0
0
0
0
0
0
0
0
0
0
0
1
1
1
1
1
1
1
1
1
1
1
1
1
1
1
1
1
1
1
1
1
1
1
1
1
1
1
1
1
1
0
0
0
0
0
0
0
0
0
0
0
0
0
0
0
0
0
0
0
0
0
0
0
0
1
1
1
1
1
1
1
1
1
1
1
1
1
1
1
1
1
1
1
1
1
0
1
-8
10
1
1
1
0
0
1
0
0
0
0
0
0
0
0
0
0
0
0
0
0
0
0
0
0
0
0
0
0
0
0
0
0
0
0
0
0
0
0
0
0
0
0
0
0
0
0
0
0
0
0
-1
-1
-1
-1
-1
-1
-1
-1
-1
-1
-1
-1
-1
-1
-1
-1
-1
-1
-1
-1
-1
-1
-1
0
-1
-1
0
0
0
0
0
0
0
2
2
2
2
2
2
2
2
1
1
-8
0
0
2
2
2
2
2
-7
1
1
1
-8
1
1
1
1
1
1
1
1
1
1
1
1
1
1
1
1
1
1
1
1
1
1
1
1
2
3
3
3
3
3
3
3
2
2
2
2
1
3
3
3
3
3
3
3
3
3
3
3
3
3
3
4
5
4
4
4
4
4
4
5
4
5
-4
4
3
-6
2
2
2
2
2
2
2
1
2
1
1
1
1
1
1
1
-7
2
2
2
2
2
2
2
2
1
3
2
2
2
2
2
2
2
2
2
2
2
2
2
2
2
2
2
2
2
2
2
2
2
1
2
2
2
2
2
2
2
2
2
2
3
3
2
2
2
2
2
2
2
2
2
2
2
2
2
2
2
2
2
2
2
2
2
2
2
2
2
2
2
2
2
3
2
2
2
2
2
2
2
2
2
2
2
3
3
3
3
3
3
3
3
3
3
3
3
3
3
3
3
3
3
3
3
3
3
3
3
3
3
3
3
3
3
3
3
3
3
3
3
3
3
3
3
3
3
3
3
3
2
3
3
3
3
3
3
3
3
3
3
4
4
4
4
4
4
3
4
4
4
4
4
4
4
4
4
4
4
4
4
4
-4
-4
-4
-4
-4
-4
-4
-4
-4
-4
-4
-4
-4
-4
-4
-4
-4
-4
-4
-4
-4
-4
-4
-4
-4
-4
5
-4
6
-3
-3
-3
6
-3
-3
-3
6
-3
-3
-2
-2
-3
-4
-4
-4
-3
-3
-3
-4
-4
4
5
-3
-4
-3
-3
-3
-3
-3
-3
-3
-4
-4
-4
-4
-3
-3
-3
-3
-3
-3
-3
-3
-2
-2
-2
0
0
0
0
0
0
-1
-1
-1
-1
-1
-1
-1
-1
-1
-1
-1
-1
-1
-1
-1
-1
-1
-1
-1
-1
-1
-1
-1
-1
-1
-1
-1
-1
-1
0
0
-1
-1
-1
-1
-1
-1
-1
-1
-1
-1
-1
-1
-1
-1
0
0
-1
0
0
0
0
0
0
0
0
-1
-1
-1
-1
-1
-1
-1
-1
-1
-1
-1
-1
0
0
0
0
0
0
0
0
1
0
0
0
0
0
0
0
0
0
0
0
0
0
0
0
0
0
0
0
0
0
-1
-1
-1
-1
-1
0
9
0
-1
-1
8
-1
-1
-1
-1
-1
-1
-1
-1
-1
-1
-1
0
0
0
0
0
1
-1
-1
-1
0
-1
-1
-1
-1
-1
-1
-1
-1
-1
0
-1
0
9
0
0
0
0
0
0
0
0
-1
-1
-1
-1
-1
-1
-1
0
0
-1
0
0
0
0
0
0
0
0
0
0
0
0
0
0
0
0
-1
0
0
0
0
0
0
-1
0
0
0
0
0
0
0
0
0
0
1
-1
0
0
0
0
0
0
0
0
0
0
0
0
-1
0
0
0
1
-9
-18
-27
35
26
17
8
-1
-1
-1
-1
0
0
0
-9
-18
19
10
1
-8
-17
-26
-35
37
28
19
10
1
-8
1
1
0
1
-8
2
2
1
1
1
1
1
2
1
1
1
1
1
1
1
1
2
2
2
3
3
3
2
2
2
2
2
2
2
2
2
2
2
2
2
2
2
2
2
2
2
2
2
2
2
2
1
1
-8
2
1
1
2
1
2
2
2
2
2
1
2
2
2
2
2
2
2
2
2
2
2
2
2
2
2
2
2
2
2
2
2
2
2
2
2
2
2
2
2
2
3
2
2
2
2
2
2
3
2
2
2
2
1
1
1
1
1
1
0
1
1
1
-8
10
1
0
0
0
9
0
-9
1
1
1
1
1
1
1
1
1
1
1
0
1
0
0
0
1
1
1
1
1
1
-8
1
-8
-17
9
0
9
0
1
0
0
0
0
0
0
0
0
0
0
0
0
0
0
0
0
0
1
0
0
0
0
0
0
0
0
1
0
0
0
1
1
1
1
1
1
1
1
1
1
1
1
1
1
1
1
1
2
2
2
2
2
2
2
2
2
-7
1
1
1
-8
1
1
1
1
1
1
1
1
-8
1
1
1
1
2
2
2
2
2
2
2
-7
12
3
3
-6
-15
-24
-33
-42
-51
-60
-69
-78
-87
-96
-105
-114
-123
127
118
109
100
91
82
73
64
55
46
37
28
19
10
1
2
2
2
3
2
2
3
3
3
3
3
3
3
3
3
-6
3
-6
12
3
3
3
3
3
3
3
3
2
3
3
3
3
3
3
3
3
-6
-15
-24
-33
-42
46
37
28
19
10
1
1
1
1
1
1
1
1
-8
1
-8
1
1
2
1
1
2
-7
2
1
-8
1
-8
11
2
2
2
3
-6
3
3
3
3
3
2
2
2
2
2
2
2
1
2
1
4
4
4
4
4
4
4
4
4
4
4
3
4
3
3
3
3
3
3
3
4
4
4
4
4
3
4
3
3
3
-6
3
-5
-7
3
3
3
3
3
3
3
3
3
3
3
3
3
3
3
3
3
3
3
4
3
3
3
3
3
3
3
3
3
-6
3
2
3
3
3
3
3
3
3
3
3
3
3
3
3
3
3
3
3
3
3
3
3
3
-6
-14
-24
20
11
2
2
2
2
2
2
2
2
3
3
3
3
3
3
2
3
3
3
3
4
3
3
4
3
3
3
3
3
3
3
3
2
3
2
2
2
3
-6
2
2
3
3
3
3
3
3
3
3
3
3
3
3
3
3
3
-6
2
2
2
2
2
2
2
2
3
3
2
3
3
3
3
3
3
3
3
3
3
-6
3
2
3
2
3
2
2
2
2
2
2
2
2
2
2
3
-6
3
3
3
3
2
3
2
2
2
2
2
2
2
2
2
2
2
2
3
2
3
-6
2
2
2
2
2
2
2
-7
-16
-25
-34
37
28
19
10
1
1
1
1
1
0
1
1
1
0
1
1
1
1
0
1
1
-8
1
1
1
-8
1
1
0
0
0
9
0
0
0
0
0
0
0
0
0
0
0
0
0
0
0
0
0
0
0
1
0
0
9
0
0
0
0
1
0
1
-8
1
1
1
1
1
1
0
1
1
0
1
0
0
-9
1
0
1
1
1
1
1
1
1
0
1
1
0
-69
-78
-87
-96
-105
-114
-123
-132
-141
-150
-159
-168
-177
-186
-195
-204
-213
-222
-231
-240
237
228
218
209
200
192
182
165
138
129
120
111
102
92
84
75
65
56
47
38
29
20
11
2
-52
-79
218
209
182
173
164
155
146
137
128
29
2
2
3
2
3
-6
2
2
3
3
2
2
2
2
2
2
2
2
2
3
2
2
2
-6
2
2
2
2
2
2
2
2
2
2
2
2
2
2
2
2
2
2
2
2
2
2
2
2
1
1
1
1
1
-8
1
1
1
1
1
-14
-23
-33
-42
-51
-61
-150
-159
-168
172
163
154
146
136
127
118
109
100
91
82
73
64
55
46
37
28
19
10
1
-8
1
1
-8
1
1
1
-8
1
2
-7
2
-7
-16
-25
-34
27
18
9
0
-9
10
1
-8
-17
-26
28
19
10
1
-8
1
1
1
1
1
1
1
1
1
1
1
1
1
1
1
1
1
-8
1
1
1
1
1
1
2
1
1
1
1
1
1
1
1
1
1
1
1
1
1
1
1
1
1
1
1
1
1
1
1
1
1
1
1
1
1
1
0
1
1
1
1
1
1
1
1
1
1
1
1
1
1
1
1
1
1
1
1
1
0
1
1
1
1
1
1
1
1
1
1
2
1
1
1
1
1
1
2
3
-6
3
3
3
3
3
3
2
2
2
3
3
3
1
2
2
2
2
3
3
2
2
3
2
-6
2
-7
-16
-25
19
10
1
2
1
2
2
2
2
2
2
2
2
2
-7
-16
-24
-33
-42
-51
-60
-69
-78
-87
-97
-105
-114
-123
-132
-141
146
137
128
119
110
101
92
83
74
65
56
47
38
29
20
11
2
2
2
2
2
2
2
2
2
2
2
3
2
2
2
-7
-16
11
2
-7
2
2
-7
2
-7
2
1
2
-7
1
1
1
-8
13
4
-5
9
1
-9
-27
19
10
1
1
1
1
1
1
-8
11
2
2
1
2
2
2
2
1
2
-7
2
3
2
2
2
2
2
2
2
2
2
2
3
2
2
2
2
2
2
3
3
3
2
3
3
3
3
3
3
3
4
3
4
-5
-14
21
12
3
3
3
-6
4
4
4
-4
-4
-4
-4
-4
-4
-4
-4
-4
-4
-4
5
-4
5
-4
-4
6
-3
-4
-3
6
-3
-3
-3
6
-3
5
-3
-4
-4
6
-3
-3
-3
-4
-2
-3
-3
-3
-21
24
7
-3
-12
-20
-30
-39
-48
-57
-75
-84
-93
-102
-111
-120
-129
-138
-147
-156
-165
-174
-183
-192
-201
-210
-219
-228
-237
-246
-254
-264
-273
-282
287
278
269
261
252
250
242
234
225
216
197
188
179
171
162
153
144
135
117
108
99
90
81
72
63
54
45
36
27
18
9
0
-9
-18
-27
-36
-45
-54
-63
-72
-81
-90
-99
-108
-117
-126
-135
-144
-153
-162
-171
-180
-189
-198
-207
-216
-225
-234
-243
-252
-261
-270
-279
-288
-297
295
286
277
268
259
250
241
232
223
214
196
187
178
169
160
151
142
133
124
115
106
97
88
79
70
61
52
43
34
25
16
7
-2
-2
-11
16
7
-2
-11
16
8
-1
0
-1
-1
-1
-1
-1
-1
-1
-1
8
-1
-1
-1
-1
-1
-1
8
-1
8
-10
-19
26
17
8
-2
-1
-1
-1
0
0
0
-9
17
8
-1
-10
-19
-28
-37
-46
-55
-64
-73
-82
-91
-100
-109
-128
-1
0
0
8
-1
0
-1
-1
0
0
0
0
0
0
0
0
0
-1
9
-1
-1
-1
0
-1
0
-1
0
0
0
0
0
-1
0
0
9
0
-1
0
9
0
0
-1
-1
0
0
0
0
0
0
0
0
0
0
0
0
0
0
0
0
0
0
0
0
0
0
0
0
0
0
0
0
0
-1
9
0
0
0
0
-1
0
-1
-10
9
0
-9
8
-1
0
-9
8
-1
-1
-1
-1
0
-1
0
-1
-1
-1
-1
-1
8
-1
-10
8
-1
-1
-1
0
-1
-1
-1
-1
8
-1
9
0
-1
-1
-10
17
8
-1
-1
-1
0
-1
-1
-1
-1
-1
-1
-1
-1
9
0
8
-10
8
-1
0
0
-10
-19
-28
-37
-46
44
-9
2
1
-17
-44
-70
-80
35
27
18
9
0
0
0
8
-1
0
0
0
0
0
0
0
0
0
0
0
0
-1
0
0
0
0
0
0
0
1
0
0
-9
-18
-27
-36
-45
-54
54
45
36
18
9
0
0
9
0
0
0
0
0
0
0
0
0
-1
-1
-2
-1
-1
-1
9
0
0
0
-1
0
0
0
0
0
0
0
0
0
0
0
0
0
0
0
0
0
0
0
0
0
0
0
0
0
0
-1
0
0
0
0
0
0
0
-1
8
-1
-1
8
-1
0
-1
-1
-1
-1
-1
-1
-1
-1
-1
0
-1
-1
-1
-1
-1
-1
8
-1
-1
-1
0
0
0
0
-1
0
0
0
0
0
0
0
0
0
0
0
0
0
0
1
0
0
0
-1
0
0
0
0
0
0
0
0
0
0
0
0
0
-1
-1
0
0
-9
17
8
0
-297
-2
0
0
-1
0
0
0
8
0
0
0
0
0
0
1
0
0
305
105
86
77
68
59
50
40
31
22
13
4
4
4
-5
4
5
-4
-13
-22
29
21
11
2
-7
3
3
3
3
3
5
4
5
-4
-3
-3
-3
-3
-3
-3
-3
-3
-4
-4
4
4
4
4
4
4
4
4
4
-5
3
3
3
3
3
-3
-3
-3
-3
-3
-4
-4
-4
4
4
4
4
4
4
3
3
3
3
3
4
4
4
4
4
2
3
3
3
4
4
4
4
3
3
3
3
3
3
-6
4
4
3
3
3
3
3
3
3
3
3
3
3
4
3
3
3
3
3
3
3
3
3
3
3
3
3
3
3
3
3
3
3
3
3
3
3
3
3
3
3
3
3
3
3
3
3
3
3
3
3
3
3
3
3
3
3
3
3
3
3
3
3
3
3
3
3
3
3
3
3
3
3
3
3
3
3
3
3
3
3
3
3
3
3
3
3
3
3
3
3
3
3
3
-6
3
2
2
2
2
2
2
2
2
2
2
2
2
2
2
2
2
2
2
2
2
2
2
2
2
1
1
1
1
1
1
1
1
1
1
-8
2
2
2
2
2
3
2
2
2
3
3
3
3
3
3
3
3
3
3
3
3
3
3
3
3
3
2
2
2
2
2
3
3
3
3
3
-6
11
2
2
2
2
2
2
3
3
3
3
3
3
3
3
3
3
3
3
3
3
3
3
3
3
4
4
4
4
4
4
5
-4
5
-4
-4
-4
-4
-4
4
4
4
4
4
4
4
4
4
4
4
4
4
4
4
4
4
4
4
3
4
3
4
4
4
4
4
4
3
3
3
3
3
3
3
3
3
3
3
3
3
3
3
3
3
3
3
3
3
3
3
3
3
3
3
3
3
2
2
2
2
2
-7
2
2
2
2
2
2
2
2
2
2
2
2
2
2
2
2
2
2
2
2
2
2
2
2
2
2
2
2
2
2
2
2
2
2
2
2
2
2
2
2
2
2
2
1
1
1
1
1
1
1
1
1
1
1
1
1
1
1
1
1
1
1
1
1
1
1
1
1
1
1
2
2
2
2
2
2
2
2
2
2
2
2
2
2
-7
2
2
2
2
2
2
2
2
2
2
2
2
2
2
2
2
2
2
2
2
1
1
1
1
1
1
1
1
1
1
1
1
1
1
1
1
1
1
1
1
1
1
2
2
1
1
1
1
1
1
1
1
1
1
1
1
1
1
1
1
1
1
1
1
1
1
1
1
1
1
1
1
1
1
1
1
1
1
1
1
1
1
1
2
2
2
2
2
2
2
2
2
2
2
1
1
1
1
1
1
1
2
2
2
2
2
2
2
2
2
2
2
2
2
1
1
1
1
1
1
1
0
0
0
0
0
0
0
0
0
0
0
0
0
0
0
0
0
0
0
0
0
0
0
0
0
0
0
0
0
0
0
0
0
0
0
0
0
0
0
0
0
0
0
0
0
0
0
0
0
0
0
0
0
0
0
0
0
0
0
0
0
0
0
0
0
0
-1
-1
-1
-1
-1
-1
-1
-1
-1
-1
-1
-1
-1
-1
-1
-1
-1
-1
-1
-1
-1
-1
-1
-1
-1
-1
-1
-1
-1
-1
-1
-1
-1
-1
-2
-2
-2
-2
-2
-2
-2
-2
-2
-2
-2
-2
-2
-2
-2
-2
-2
-2
-2
-1
-1
-1
-1
-1
-1
-1
-1
-1
-1
-1
-1
-1
-2
-1
-2
-2
-2
-2
-2
-2
-1
-2
-2
-1
-1
-1
-1
-1
-1
-1
-1
-1
-1
-1
-1
-1
-1
-1
-1
-1
-1
-1
-1
-1
-1
-1
-1
-1
-1
-2
-2
-2
-2
-2
-3
-2
-2
-2
-2
-2
-2
-2
-2
-2
-2
-2
-2
-2
-2
-2
-1
-1
-1
-2
-1
7
-2
-11
15
6
-3
-3
-12
-21
22
13
4
4
4
4
5
5
-4
-4
-4
-4
-4
-4
4
5
-4
-4
-4
-4
-4
3
3
3
3
3
2
2
2
2
2
2
2
2
2
2
2
2
2
2
2
2
2
1
1
1
1
1
1
1
1
1
1
1
1
1
1
1
1
1
1
1
2
2
2
2
2
2
2
2
2
1
1
1
1
1
1
2
1
1
1
1
1
1
1
1
1
1
1
1
1
1
1
1
1
1
1
1
1
1
1
1
1
1
1
1
1
1
1
1
0
0
0
9
0
0
0
-1
0
0
0
0
0
0
0
0
0
0
0
0
0
0
0
0
0
0
0
0
0
0
0
0
1
1
1
1
1
1
1
1
1
1
1
1
1
1
1
1
1
1
1
1
1
1
1
1
1
1
1
1
1
-8
9
0
0
0
1
0
0
0
0
0
0
0
0
0
1
1
1
1
1
1
1
1
1
1
1
1
1
1
1
-1
0
0
0
0
1
1
1
1
1
1
0
0
0
0
0
0
0
0
0
1
1
1
0
1
-8
0
0
0
0
0
0
0
0
0
0
0
0
0
0
0
0
0
0
0
0
0
0
0
0
0
0
0
0
0
0
0
0
0
0
0
0
0
0
0
0
0
0
0
0
0
0
0
0
0
0
0
0
0
0
0
0
-1
-1
8
-1
-1
-1
0
-1
-1
-1
-1
-1
-1
-1
-1
-1
-1
0
0
0
0
0
0
0
0
0
-1
0
0
0
0
-1
-1
-1
-1
0
1
1
1
1
1
1
1
1
1
1
1
1
1
1
1
1
1
1
1
1
1
1
1
1
1
1
1
1
1
1
1
1
2
2
2
2
2
2
2
2
2
2
2
2
2
2
2
2
2
2
2
2
2
2
2
2
2
2
2
2
2
2
2
3
2
3
3
3
3
4
3
4
4
4
4
4
4
4
4
4
4
-4
4
4
4
4
4
4
4
4
4
-5
3
3
3
3
-6
2
-7
2
2
2
2
2
2
2
2
2
2
2
2
2
2
2
2
2
2
2
2
2
2
2
2
2
2
2
2
2
2
2
2
2
2
1
2
2
2
2
2
2
2
2
2
2
2
2
2
2
2
2
2
2
3
3
3
3
3
3
3
3
3
3
3
3
3
3
2
2
2
2
2
2
2
2
2
2
2
2
2
2
2
2
2
2
2
2
2
2
2
2
2
2
2
2
2
2
2
2
2
2
2
2
2
2
2
2
2
2
2
3
2
2
2
2
2
2
2
2
2
2
2
2
2
2
2
2
2
2
2
2
2
2
2
2
2
2
2
2
2
2
2
2
2
2
2
3
2
3
3
3
3
2
3
3
3
3
3
4
4
4
4
4
4
4
4
4
4
4
4
4
4
4
4
4
4
4
-4
4
-4
-4
-4
-4
-4
-3
-3
-3
-3
-3
-3
-3
-3
-3
-3
-3
-3
-3
-3
-3
-3
-3
-3
-3
-3
-3
-3
-3
-3
-3
-3
-3
-3
-3
-3
-3
-3
-3
-3
-3
-3
-3
-3
-3
-3
-3
-3
-3
-3
-3
-3
-3
-3
-3
-4
-4
-4
-4
-4
-4
-4
-4
-4
-4
-4
-4
-4
-4
-3
-3
-3
-3
-3
-3
-2
-2
-2
-2
-2
-2
-2
0
0
0
0
0
0
0
0
0
0
0
0
0
0
0
0
0
0
8
-1
8
-1
0
0
0
-1
-1
-1
0
0
-1
-1
-1
-1
-1
-1
-1
-1
-1
-1
-1
-1
-1
-1
-1
-1
-1
-1
-1
-1
-1
-1
-1
-1
-1
-1
-1
-1
-1
-1
-1
-1
0
0
-1
0
0
0
0
0
0
0
0
0
-1
-1
0
0
1
1
1
1
1
1
1
1
1
1
1
1
1
1
0
1
1
1
1
1
1
1
0
0
0
0
0
0
0
0
0
0
0
0
0
0
0
0
0
0
0
0
0
0
0
0
0
0
0
0
0
0
0
0
0
0
0
0
0
0
0
0
0
0
0
0
0
0
0
0
0
0
0
0
0
0
0
0
0
0
0
0
0
0
0
0
0
0
0
0
0
0
-1
-1
-1
-1
-1
-1
-1
-1
-1
-1
-1
-1
-1
-1
-1
-1
-1
-1
-1
-1
-1
-1
-1
-1
-1
-1
-1
-1
-1
0
0
0
0
0
0
0
0
0
0
-1
0
-1
-1
-1
0
-1
0
0
0
-1
0
0
0
0
0
0
1
-8
0
-9
17
8
-1
0
0
0
0
0
0
10
0
-9
-18
19
10
1
-8
-17
18
9
0
0
-8
0
1
1
1
1
1
1
1
1
1
1
1
1
1
2
2
2
2
2
2
2
2
2
2
2
2
2
3
2
2
2
2
2
2
2
2
-7
2
2
2
2
2
2
3
2
2
2
2
2
2
2
2
2
2
2
2
2
2
2
2
2
2
2
2
2
2
2
2
2
2
2
2
2
2
2
2
2
2
1
1
-8
1
3
2
2
2
3
3
3
3
3
3
3
3
3
3
3
3
3
2
-7
11
2
-7
2
2
2
2
2
1
1
1
1
0
0
0
0
0
0
0
0
0
1
1
0
0
0
1
1
1
1
1
1
1
1
1
1
1
1
1
1
1
1
1
1
1
1
1
1
1
0
0
0
0
0
0
0
0
0
0
0
9
0
0
0
0
0
0
0
0
0
0
0
0
1
1
0
-9
9
0
1
0
0
9
0
0
0
0
-9
1
-8
1
1
1
1
1
1
1
1
1
1
1
1
1
1
2
2
2
2
2
2
2
-7
-16
19
10
1
-8
11
2
2
2
2
1
1
1
-8
1
-8
2
2
3
3
3
-6
-15
-24
-33
-42
-51
-60
-69
-78
-87
-96
-105
-114
-123
-132
137
128
119
110
101
92
83
55
37
29
19
11
1
2
1
-7
11
3
3
2
3
3
4
4
-5
-14
12
3
2
2
3
3
3
-5
3
3
3
3
-5
-15
-24
-33
-42
-51
56
47
29
20
10
2
1
2
2
2
2
2
2
2
2
2
2
2
1
2
2
1
1
2
2
1
2
2
2
2
2
2
2
2
2
2
2
3
3
3
3
3
2
2
2
2
2
2
2
-6
-5
4
4
3
4
4
-4
4
4
4
4
4
4
4
3
4
4
4
4
4
4
4
4
4
4
4
4
4
4
4
4
4
4
4
4
4
4
4
4
4
4
4
4
4
-5
12
3
3
3
2
3
3
3
3
3
-6
3
3
3
4
3
3
3
3
3
3
3
3
3
3
3
3
-6
13
4
4
4
4
4
4
4
4
4
4
4
-5
-14
-23
30
20
12
3
3
3
3
3
3
3
3
3
3
3
3
3
3
4
4
3
2
3
3
3
3
3
2
3
3
3
3
4
-5
3
3
3
3
3
3
3
3
3
3
3
3
3
3
3
2
3
3
3
3
3
2
2
2
2
3
3
3
3
3
3
3
3
3
3
3
3
3
3
3
3
3
3
3
3
3
3
3
3
3
2
3
2
2
2
2
2
2
3
2
2
2
3
3
3
3
2
3
3
3
3
3
3
3
3
3
3
3
3
3
2
2
2
2
2
2
2
3
-7
-16
1
-8
10
1
1
-8
0
1
0
0
0
9
0
0
0
0
0
1
1
1
1
1
1
1
1
1
1
1
1
1
1
1
1
1
1
1
1
1
0
0
0
0
1
1
1
1
1
1
1
1
1
1
1
1
1
1
1
1
1
1
1
1
1
1
1
2
1
0
1
0
0
0
0
1
0
0
0
0
0
0
0
0
0
0
1
0
0
0
0
0
0
0
9
0
75
66
57
48
39
30
21
12
3
-15
-24
13
4
-5
-14
-23
-32
-41
-50
-59
-68
-77
-86
119
110
101
92
83
74
65
56
47
38
20
11
-8
11
-16
129
120
3
3
3
3
3
3
3
3
3
3
3
3
3
3
3
3
2
2
2
2
3
-6
2
3
3
3
-6
3
2
2
-7
1
2
2
2
2
2
2
2
2
2
2
2
1
1
1
1
1
1
-15
-33
-42
-51
-51
-60
-69
-78
-96
-122
-150
-159
-177
-194
-203
200
191
182
173
164
155
146
137
128
119
110
92
83
74
65
56
47
38
29
20
11
2
0
2
1
2
2
1
2
-16
-25
-34
-43
-52
-61
-70
-79
73
65
47
38
29
19
11
1
1
1
1
1
1
1
1
1
1
1
1
-8
1
0
1
0
9
0
0
0
0
0
1
0
0
0
0
0
0
1
-8
1
-8
1
1
0
0
1
1
1
1
1
-8
1
1
1
-8
1
0
0
0
1
1
1
-8
1
2
2
0
2
2
1
1
1
1
2
2
2
1
1
1
1
1
1
1
1
1
1
1
1
1
1
1
1
2
3
3
3
3
3
3
3
-6
3
-6
-15
-24
-33
29
20
12
3
2
-7
2
-7
-16
11
2
3
-6
2
2
2
2
2
2
2
2
2
2
2
3
3
3
-6
-15
-24
-33
-42
-51
-60
-69
-78
-87
-96
-105
-114
-123
-132
-140
-149
-167
164
145
136
127
118
110
100
91
82
73
55
46
37
28
19
10
1
1
2
2
2
2
2
-7
18
10
1
-8
-16
19
2
-7
2
-7
2
2
-7
11
2
2
2
-7
-16
-25
-34
-43
-52
46
37
28
19
10
1
-8
2
2
2
2
1
2
2
1
2
2
2
2
2
2
3
2
2
2
2
2
2
-7
2
3
3
3
3
3
3
2
3
3
3
3
3
3
-6
4
4
4
4
4
3
4
4
4
4
4
3
4
4
4
4
4
4
4
-2
-3
-3
-4
-3
-3
-3
-4
-3
-3
-3
-3
-3
-3
-4
-3
-3
-3
6
-3
-3
-3
-3
-3
-4
-3
-3
-3
-3
-3
-3
-3
-4
-3
-12
-21
-30
-39
-48
-57
-66
-75
-85
-93
-102
-111
-120
-129
-138
-147
-156
-165
-174
-183
-192
-201
-210
-219
-228
-237
-246
-255
-264
-273
-282
-291
-300
-309
-318
-327
-336
-345
-354
-363
-372
-381
-390
-399
-408
-417
-426
-435
-444
-453
-462
-470
-480
-489
-498
503
494
485
476
467
458
449
440
431
422
413
404
395
386
377
368
359
350
341
332
324
314
305
296
287
278
269
260
251
242
233
224
215
206
197
179
170
161
152
134
125
108
99
90
81
72
63
54
44
36
27
8
-1
-10
-19
-28
-37
-54
-63
-72
-81
-90
-99
-108
107
98
89
80
71
62
53
44
35
26
17
8
-1
-1
-1
-1
-1
-1
-1
-1
0
-1
-1
-1
0
-1
7
-2
-1
-2
-1
-1
-1
-1
-1
-1
-1
-1
-10
-18
-28
35
26
17
8
-1
-1
-1
0
-1
-1
-1
-1
-1
-10
-19
-28
-37
-46
-55
-64
62
53
45
35
26
17
-10
-19
-46
-180
-1
-1
0
-1
0
0
0
0
0
-1
0
0
0
0
0
0
0
0
0
-1
0
0
-1
-1
8
-1
-1
0
0
-1
-1
0
-1
-1
0
8
-1
8
-1
-1
-1
-1
-1
-1
-1
-1
-1
-1
-1
0
0
0
-1
0
0
0
0
0
9
0
9
0
9
0
0
-1
0
0
0
0
0
0
0
0
0
0
0
0
0
0
0
0
0
0
0
0
0
0
0
0
0
0
9
0
-18
17
9
0
0
9
0
0
0
0
-9
-18
-27
-36
35
26
17
-1
9
0
9
-9
-9
9
0
-9
-18
-36
-45
-54
107
98
-1
-1
-1
-1
-1
-1
-10
-19
-28
26
8
-1
-1
-1
-2
-1
-1
-1
-1
-1
0
0
-1
0
-1
-1
0
0
-9
-18
-27
-36
-45
-54
53
44
35
26
17
8
-1
-10
8
-10
17
8
-1
-1
-1
-1
-1
-1
-1
-1
-1
-1
-1
-1
-1
-1
-1
-1
-1
-1
-1
-1
-1
-1
-1
-1
-1
-1
0
-1
-1
-1
0
-1
-1
-1
-1
-1
-1
-1
-1
-1
-1
-1
-1
-1
-1
-1
0
0
-1
-1
-1
-1
0
-1
0
0
0
0
0
0
0
0
1
0
0
0
0
0
0
0
0
0
0
0
0
0
0
0
0
0
0
-1
9
0
-1
-1
-1
-1
0
0
0
0
0
0
0
0
0
0
0
0
0
0
0
0
0
1
0
-1
0
-1
0
0
0
0
0
0
-9
0
0
0
0
0
0
0
0
-1
0
0
0
0
-632
-848
-1
0
-1
-1
-37
0
1
-1
90
-11
-29
-38
-47
50
41
32
23
14
5
-4
-4
-4
-4
-4
-4
-4
-13
-22
-31
30
21
12
3
3
3
3
4
4
4
-4
-4
-4
-4
-3
-4
-4
-3
-3
-3
-4
4
4
4
4
4
4
4
4
4
3
4
4
4
4
3
4
-3
-4
-4
-4
-4
-4
-4
4
3
3
3
4
3
3
3
2
4
4
4
4
4
4
3
3
3
3
4
-4
4
4
4
4
4
4
4
4
4
4
4
4
4
3
3
4
3
4
4
4
4
4
4
4
4
4
4
4
4
3
3
3
3
3
3
4
4
4
4
4
4
4
4
4
4
4
4
4
3
3
3
3
3
3
3
3
3
3
2
2
2
2
2
2
2
-7
3
4
4
4
2
-7
3
3
3
3
3
3
3
3
3
3
3
3
3
3
3
3
3
3
3
3
3
3
3
3
3
3
3
3
3
3
-6
11
2
2
2
2
2
2
-7
3
3
3
2
2
2
2
2
2
2
2
2
2
2
2
2
2
2
2
2
2
2
2
2
2
2
2
2
2
2
2
2
2
2
2
2
2
2
2
2
2
2
2
2
2
2
2
3
3
3
3
3
3
3
3
3
3
3
3
3
3
3
3
3
3
3
3
3
3
3
3
3
3
3
3
3
3
4
4
4
4
4
4
4
4
4
4
4
-4
-4
-4
-4
-4
-4
-4
-4
-4
-4
-4
-4
-4
-4
-4
4
4
4
4
4
4
4
4
4
4
4
4
4
4
4
4
4
4
4
4
4
4
4
4
4
4
4
4
4
3
4
4
4
4
4
4
4
4
4
4
4
4
4
4
4
4
4
4
4
3
3
3
3
3
3
3
3
3
3
3
3
3
3
3
3
3
3
2
3
2
3
3
3
2
2
2
2
2
2
2
2
3
2
3
3
3
3
3
2
2
2
2
2
2
2
2
2
2
2
2
2
2
2
1
1
1
1
1
1
1
1
1
1
2
2
2
2
2
2
2
2
-7
1
1
1
2
2
2
2
2
2
2
2
2
2
2
2
2
2
2
2
2
2
2
2
2
2
2
2
2
2
2
2
2
2
2
2
2
2
2
2
2
2
2
2
2
2
1
2
1
1
1
1
1
1
1
1
1
2
2
2
2
2
2
2
2
2
2
1
1
-8
0
0
0
0
0
0
0
0
1
1
1
1
1
1
1
0
0
0
0
0
0
0
0
1
1
1
1
1
1
1
1
1
1
1
1
1
1
1
1
1
1
1
1
1
1
1
1
1
1
1
2
1
1
1
1
2
1
1
2
1
1
1
1
1
1
1
1
0
0
0
0
0
0
0
0
0
0
0
0
0
0
-1
0
-1
0
0
0
0
0
0
0
0
0
0
0
0
0
0
1
0
1
-8
0
0
0
0
0
0
0
0
0
0
0
-1
-1
-1
-1
-1
-1
-1
0
0
-1
-1
-1
-1
-1
-1
-1
-1
-1
0
0
0
0
0
0
0
0
0
0
0
0
0
0
0
0
0
0
0
0
0
0
0
-1
-1
-1
-1
-1
-1
-1
-1
-1
-1
-1
-1
-1
-1
7
-2
-2
-2
-2
-2
-2
-2
-2
-2
-2
-2
-2
-2
-2
-2
-2
-2
-2
-2
-2
-2
-2
-2
-2
-2
-2
-2
-2
-2
-2
-2
-2
-2
-2
-2
-2
-2
-2
-2
-2
-2
-2
-2
-1
-1
-1
-1
-1
-1
-1
-1
-1
-1
-1
-1
-1
-1
-1
-1
-1
-1
-2
-2
-2
-2
-2
-2
-3
-3
-3
-3
-3
-3
-2
-2
-2
-2
-2
-2
-2
-2
-1
-1
-1
-1
-1
-1
-1
-2
-1
-1
-11
-19
-28
-37
-46
40
31
22
3
3
3
3
3
4
4
4
4
4
4
4
4
4
4
4
3
4
4
3
3
3
3
3
2
2
2
2
1
1
1
2
2
2
2
2
2
2
2
2
2
-7
1
2
2
2
2
2
2
2
2
2
1
1
2
1
1
2
2
2
2
2
2
2
1
1
1
1
1
1
1
1
1
1
1
1
1
1
1
1
1
1
1
1
1
1
1
1
1
1
1
1
1
1
1
1
1
1
1
1
1
1
1
1
0
0
0
0
0
0
0
0
0
0
0
9
0
9
0
-1
0
0
0
0
0
0
0
0
0
0
0
0
0
0
0
0
0
0
0
0
0
0
0
0
0
0
0
0
0
0
0
0
0
0
0
0
0
1
1
1
1
1
1
1
1
1
1
1
1
1
1
1
1
1
1
1
1
1
1
1
1
1
0
0
0
0
0
0
0
0
0
0
0
0
0
0
0
0
0
0
0
0
0
0
0
0
0
0
0
0
0
0
0
1
1
1
1
1
1
1
1
1
1
1
1
1
1
1
1
1
1
1
0
0
0
0
0
0
0
0
0
0
0
0
0
0
0
0
0
0
0
0
0
0
0
0
0
0
0
0
0
0
0
0
0
0
0
0
0
0
0
0
0
0
0
0
0
0
0
0
0
0
0
0
0
0
0
0
0
0
-1
-1
-1
-1
-1
-1
-1
-1
-1
-1
-1
-1
-1
-1
-1
-1
-1
-1
-1
-1
-1
-1
-1
-1
-1
-1
-1
0
-1
-1
1
1
1
1
1
1
1
1
1
1
1
1
1
1
1
1
1
1
1
1
1
1
1
1
1
1
1
1
1
1
1
1
1
1
1
2
1
2
2
2
2
2
2
1
2
2
2
2
2
2
2
2
2
2
2
2
2
2
2
2
2
2
2
3
3
3
3
4
3
3
3
4
4
4
4
4
4
4
4
4
4
4
4
4
4
4
4
4
4
4
-5
12
3
3
3
3
2
2
2
2
2
2
2
2
2
2
2
2
2
2
2
2
2
2
2
2
2
2
2
2
2
2
2
2
2
2
2
2
2
2
2
2
2
2
2
2
2
2
2
2
2
2
2
2
2
2
2
2
2
2
2
2
2
3
3
3
3
3
3
3
3
3
3
3
3
3
-6
2
2
2
2
1
2
1
1
1
1
1
1
2
2
2
2
2
2
2
2
2
2
3
2
2
2
2
2
2
2
2
2
2
2
2
2
2
2
2
2
2
2
2
2
2
2
2
2
2
2
2
2
2
2
2
2
2
2
2
2
2
-7
11
2
2
2
3
3
-6
12
3
-6
3
3
3
3
3
3
3
3
3
3
3
3
3
3
3
3
3
4
4
4
4
4
4
4
4
4
4
4
4
4
4
4
4
4
4
4
4
4
4
-4
-4
-4
-4
-4
-4
-4
-4
-4
-4
-4
-4
-4
-4
-4
-4
-4
-4
-4
-4
-4
-4
-4
-4
-4
-4
-4
-4
-4
-4
-4
-4
-4
-4
-4
-4
-4
-4
-4
-4
-4
-4
-4
-3
-3
-3
-3
-3
-4
-3
-3
-3
-3
4
-4
4
-4
4
-4
-4
-4
-4
-4
-4
-4
-4
-4
-2
-3
0
0
0
0
0
0
0
0
0
0
0
0
0
0
0
0
0
0
0
0
-1
-1
-1
-1
-1
-1
-1
-1
-1
0
0
0
0
0
0
9
0
0
0
0
-9
8
-1
-1
-1
-1
-1
-1
-1
-1
-1
0
0
0
-1
-1
-1
-1
-1
-1
-1
-1
-1
-1
-1
-1
-1
0
0
0
0
0
0
0
0
0
0
0
1
1
1
1
1
1
1
1
0
0
0
0
0
0
1
1
1
1
1
1
1
1
1
0
0
0
0
0
0
0
0
0
0
0
0
0
0
0
0
0
0
0
0
0
-1
-1
-1
-1
-1
0
0
0
0
0
0
0
0
0
0
0
0
0
0
0
0
0
0
0
0
0
0
0
0
0
-1
0
0
0
0
0
0
0
0
0
0
0
0
0
0
0
0
0
0
0
0
0
0
9
0
0
0
0
-1
0
9
0
0
-1
-1
-1
-1
9
0
0
0
0
0
0
0
0
0
0
-1
0
-1
-1
9
0
0
0
0
0
0
0
0
0
0
0
0
0
0
1
0
0
9
0
0
-1
-1
0
-1
-1
-1
-1
0
0
0
0
0
0
0
-9
-18
-27
36
27
18
9
0
0
0
0
0
1
1
1
1
1
1
1
1
1
1
1
-8
1
1
2
2
2
2
2
2
2
2
2
-7
2
2
2
2
2
2
2
2
2
2
2
2
2
2
2
2
2
2
2
2
2
2
2
2
2
2
2
2
2
2
2
2
2
2
1
2
3
2
2
2
2
2
2
2
2
2
2
2
2
2
2
2
2
2
2
2
2
2
2
2
2
2
2
2
2
2
2
2
2
2
2
2
1
1
2
-8
2
1
1
1
1
1
1
1
0
0
9
0
0
0
0
0
0
0
0
0
0
0
0
-9
1
1
1
1
-8
0
0
0
0
0
0
0
0
0
0
0
9
0
0
0
0
0
1
1
1
1
1
0
0
0
0
1
0
0
0
1
0
0
0
1
0
0
0
0
0
1
1
1
0
1
1
1
1
1
1
1
1
1
1
1
1
1
1
1
1
1
1
1
1
1
1
1
1
2
-7
1
1
1
1
1
1
1
1
1
1
1
1
1
1
1
1
1
1
1
1
1
2
-7
2
2
2
2
2
2
-7
-16
-25
-34
-43
-52
-61
-70
-79
-88
-97
-106
-115
109
100
91
82
73
64
55
46
37
28
19
10
1
-8
-17
10
1
-8
1
-8
2
2
2
2
2
-7
3
3
3
3
3
3
-6
11
2
2
2
2
2
2
2
3
3
3
3
3
3
3
3
3
3
3
3
3
-6
-15
-24
-33
-42
37
28
19
10
1
1
1
1
1
1
1
1
2
1
1
1
1
1
1
1
1
1
1
1
1
1
1
1
2
1
2
2
2
2
3
2
2
2
2
2
2
2
2
2
2
2
2
2
2
1
2
-5
3
4
4
4
4
-5
4
4
4
4
3
4
3
3
3
3
3
3
3
3
3
4
4
3
3
3
3
3
3
3
3
3
3
3
3
3
3
3
3
3
3
3
3
3
3
3
3
3
-5
3
-6
3
3
3
3
3
2
-7
2
2
2
2
2
2
2
2
2
2
3
3
3
3
3
3
3
3
3
3
3
4
3
3
3
3
-6
-15
20
11
2
2
2
2
2
2
2
2
3
3
3
3
3
3
3
3
3
3
3
3
3
3
3
3
3
3
3
3
-6
3
3
3
3
2
2
2
2
2
2
2
2
-7
2
3
2
-7
3
3
-6
3
3
2
2
2
2
2
2
2
2
2
2
2
2
2
2
2
2
2
2
-7
3
4
4
4
4
3
2
2
2
2
2
2
2
2
2
2
2
2
2
2
2
2
2
2
2
2
2
2
2
3
2
2
2
2
2
2
2
2
2
2
2
2
2
2
2
2
2
2
2
2
2
2
2
2
2
2
2
2
-7
-16
-25
-34
-43
-52
45
36
27
18
9
0
0
0
0
1
1
0
0
1
1
-8
1
1
0
1
0
1
1
0
0
-9
9
0
0
0
0
0
0
0
0
0
0
0
0
0
0
0
0
0
1
0
0
0
0
1
1
2
1
1
1
1
1
1
1
1
1
1
1
1
1
-8
-17
18
9
0
1
0
0
9
0
1
1
1
1
1
1
1
2
1
1
1
1
1
1
1
1
1
2
2
2
2
2
-33
-51
-87
85
76
67
58
49
40
31
21
13
4
4
4
4
4
4
-5
-14
-23
-32
-41
-50
-69
-77
-86
-95
-104
-113
111
102
93
84
75
66
57
48
39
20
11
2
2
3
2
2
-7
-16
-25
218
209
200
191
182
173
164
155
146
137
128
29
3
3
4
3
3
3
2
3
3
3
3
3
3
3
3
3
3
2
2
3
2
2
3
3
3
3
2
2
3
2
3
3
3
3
3
2
2
2
2
2
2
2
2
2
2
2
2
2
2
2
2
2
2
2
2
2
2
2
1
2
2
2
1
1
0
1
1
1
1
1
1
1
1
1
1
1
1
1
2
-33
-42
-51
-60
-69
-6
-15
-24
-33
-42
-51
-60
-69
-78
-87
-96
-105
-114
-123
-132
-141
-150
-158
-167
-176
-185
-194
-203
200
191
182
173
164
145
137
127
119
100
73
64
55
46
37
28
19
10
1
-8
-17
-26
-35
-44
-62
-71
-80
-107
-115
109
101
91
82
73
64
55
46
37
28
19
10
1
1
-8
-17
-26
9
0
0
0
0
0
0
0
9
0
0
0
-9
1
1
1
1
1
1
1
1
1
1
1
1
1
1
1
1
1
1
1
1
1
1
1
0
1
-7
10
1
1
2
2
2
2
2
2
2
2
2
2
1
1
1
1
1
1
1
1
1
1
2
2
1
1
1
1
1
1
1
1
1
1
1
1
2
-6
3
3
3
3
3
-6
12
2
3
-6
-15
-24
-33
-42
-51
-61
-69
-78
-87
83
74
65
56
47
38
29
20
11
2
3
-6
2
2
3
3
3
-6
-15
-24
-33
-42
-51
-60
-69
-78
-87
-96
-105
-114
-123
-132
-141
-150
-159
-168
163
154
145
136
127
118
109
100
91
82
73
64
55
46
37
28
19
10
1
1
2
-7
2
2
2
2
-7
-16
-25
-34
-43
-52
-61
64
55
46
37
28
19
11
2
2
2
2
2
2
2
-7
-16
-25
-34
-43
38
29
20
11
2
2
1
1
1
0
1
1
1
1
1
1
1
1
1
1
1
1
1
2
-7
3
2
-7
3
2
2
2
2
2
2
2
3
3
3
3
3
-6
2
3
3
3
3
3
3
3
3
3
3
3
3
4
3
3
4
4
4
4
-5
-4
-4
-4
-4
-4
-4
-4
-4
-4
-4
-4
-3
-4
-3
-4
-4
5
-4
-3
-4
-4
-4
-4
-4
-4
-4
-3
-3
-3
-3
-2
-3
-3
-3
6
-3
-12
16
7
-2
-11
-20
-29
-38
-47
-56
-65
-74
-83
-92
-102
-111
-120
-128
-137
-146
-155
-164
-173
-182
-191
-201
-210
-218
-236
-245
-254
-264
-272
-281
-290
-299
-308
-317
-326
-335
-344
-354
-362
-371
-380
-389
-398
-407
-416
-425
-434
-443
-452
-461
-470
-479
-488
-497
-506
-515
-524
-533
-542
-551
547
538
529
520
511
502
493
484
475
466
457
448
439
430
421
412
403
394
385
376
368
366
358
349
340
331
322
313
304
295
286
277
268
259
250
241
232
223
214
205
196
187
178
169
160
151
142
133
124
115
106
97
88
79
70
61
52
44
35
25
16
7
-2
7
-2
-2
-2
-1
-11
8
-1
-1
-1
-1
8
-1
8
-1
-1
-1
-1
-1
-1
-1
-1
-1
-1
-1
-1
-1
-1
-1
-1
-1
-1
-1
-1
-1
-10
-19
26
17
8
-1
-1
-1
-1
-1
-1
-10
-19
-28
-37
-46
-55
-64
-73
-82
-91
-100
-109
-118
-127
-136
-145
-154
-163
-172
-181
-190
-199
-208
-217
-1
-1
0
-1
0
0
0
-1
-1
-1
-1
-1
-1
-1
0
-1
-1
-1
0
-1
-1
8
-1
-1
-1
-1
-1
-1
-1
-1
0
-1
9
0
0
0
0
0
0
-1
-1
0
0
0
0
-1
0
0
-1
-1
-1
-1
-1
-1
-1
-1
-1
-1
-1
-1
-1
-1
-1
-1
0
-1
-1
0
-1
-1
-1
-1
-1
-1
-1
0
-1
0
-1
1
0
-1
-1
8
-1
-1
-1
-1
0
0
0
8
17
9
0
0
0
0
0
0
0
0
0
-9
-18
35
26
17
0
0
0
0
10
-8
0
-9
-18
-27
-36
-45
-90
-99
35
-1
0
-1
-1
8
-1
-1
0
-1
0
9
0
8
-1
-1
-10
18
9
0
9
0
-1
0
0
0
0
0
0
0
0
0
0
-9
-18
-27
-36
-45
-54
-63
62
53
44
35
26
17
8
-1
-1
-1
-1
-1
-1
-1
-1
-1
-1
-1
-1
-1
-1
-1
-1
-1
-1
-1
-1
-1
-1
-1
-1
-1
-1
-1
-1
-1
-1
-1
-1
-1
-1
-1
-1
-1
-1
8
-1
-1
-1
-1
8
-1
0
-1
9
0
9
0
0
0
-1
8
1
-1
-1
-1
0
0
0
0
0
0
0
0
0
0
0
0
0
0
0
0
0
0
0
0
0
0
0
0
0
0
0
0
0
0
-1
0
0
0
-1
-1
0
-1
-1
-1
0
0
1
1
0
0
0
1
0
0
0
0
0
0
772
-2
-1
-1
0
-1
-1
1
-43
0
0
1
26
0
-179
54467
54154
-7795
114
105
96
87
78
68
59
50
41
32
23
14
5
-4
-4
-4
-4
-4
-13
-22
-31
39
30
21
12
3
3
3
4
4
4
-4
-4
-4
-4
-4
-4
-4
-3
-3
-3
-3
-3
-12
4
4
4
4
4
4
4
3
3
3
3
3
4
3
4
-4
-4
-4
-4
-4
4
-4
4
4
4
4
4
4
3
4
4
3
4
2
3
3
3
4
4
4
4
4
4
4
4
4
4
4
4
4
4
4
3
3
3
3
3
3
4
4
4
4
4
4
4
4
4
4
4
3
3
3
3
2
2
2
4
3
3
3
3
3
3
3
4
4
4
4
4
4
4
3
3
3
3
2
2
2
2
2
2
2
2
2
2
3
3
3
3
3
3
3
3
3
2
2
2
2
2
2
2
2
2
2
2
2
2
2
2
2
2
2
3
3
3
3
3
3
3
3
3
3
3
3
3
3
2
2
-7
12
3
3
3
3
3
3
3
-6
2
2
2
2
2
2
2
2
2
2
2
-7
2
2
2
2
2
2
2
2
2
2
2
2
2
2
2
2
2
2
2
2
2
2
2
2
2
2
2
2
2
2
2
3
2
2
3
2
2
2
3
3
3
3
3
2
2
3
3
3
3
3
3
3
3
3
3
3
-6
4
4
4
4
4
4
4
4
4
4
4
4
4
4
4
4
-4
-4
4
-4
4
4
4
4
4
4
3
3
4
3
4
4
4
4
4
4
4
4
4
4
4
4
4
4
4
4
4
4
4
4
4
4
4
4
4
4
4
4
4
4
4
4
4
4
4
4
4
4
4
4
4
4
4
4
3
3
3
3
3
3
3
3
3
3
3
3
3
3
3
3
3
3
3
3
2
2
2
2
2
2
2
2
2
2
2
2
2
3
2
2
2
2
2
2
2
2
2
2
2
2
1
2
2
2
2
2
-7
1
1
0
1
1
1
1
-8
2
2
2
2
2
2
2
2
2
2
2
2
2
2
2
2
2
2
2
2
2
2
2
2
2
2
2
2
2
2
2
2
2
2
2
2
2
2
2
2
3
2
2
2
1
1
1
1
1
1
1
2
2
1
1
1
1
1
1
1
1
1
1
1
1
2
2
1
2
2
1
1
1
1
1
1
1
0
0
0
0
0
0
0
0
0
1
1
1
0
1
1
0
0
0
0
0
0
0
0
0
0
0
1
1
0
1
1
1
1
1
1
1
2
1
1
1
1
1
1
1
1
1
1
1
1
-8
2
2
2
2
2
1
1
1
1
1
1
1
1
1
1
1
1
1
1
1
1
-8
0
0
9
0
0
0
0
0
0
0
-1
-1
-1
-1
-1
0
0
0
0
0
0
0
0
0
0
0
1
1
1
1
1
1
1
0
1
0
0
0
-1
-1
-1
-1
-1
-1
-1
-1
9
0
0
0
0
0
0
0
0
0
0
0
0
8
-1
-1
-1
-1
-1
-1
-1
-1
-1
-1
0
0
0
0
0
0
0
0
0
0
0
0
0
0
0
0
0
0
8
-1
-1
-1
-1
-1
-2
-2
-2
-1
-3
-2
-3
-3
-3
-2
-3
-2
-2
-2
-2
-2
-2
-1
-10
7
-2
-2
-2
-2
-2
-2
-2
-2
-2
-2
-2
-2
-2
-2
-2
-2
-2
-2
-2
-2
-2
-2
-2
-2
-2
-2
-1
-2
-1
-1
-1
-1
-2
-2
-2
-1
-1
-2
-2
-2
-2
-2
-2
-2
-2
-2
6
-3
-3
-3
-3
-3
-3
-3
-2
-2
-2
-2
-2
8
-1
-1
-1
-1
-1
-2
-2
-1
-1
-1
-1
-10
-19
-28
-37
40
31
22
12
3
3
3
3
4
4
4
4
4
4
4
4
4
4
4
-5
5
3
4
4
4
4
4
3
3
3
3
2
2
1
2
2
1
1
1
1
1
2
2
2
2
2
2
2
2
2
2
2
2
2
2
2
2
2
2
2
2
2
2
2
2
2
2
2
2
2
2
2
1
1
1
1
1
1
1
2
-7
2
2
1
1
1
1
1
1
1
1
1
1
1
1
1
1
1
1
1
1
1
1
1
1
1
1
1
1
1
0
0
0
0
0
0
0
0
0
0
0
0
0
0
0
0
0
0
0
0
0
0
-1
-1
-1
-1
-1
-1
-1
0
0
0
0
0
0
0
0
0
0
0
0
0
0
0
0
0
0
0
0
0
0
0
0
0
0
0
1
1
1
1
1
1
1
1
1
1
1
1
1
1
1
1
1
1
1
1
1
1
1
1
1
1
1
1
1
1
1
0
0
0
0
0
0
0
0
0
0
0
0
0
0
0
0
0
0
0
0
0
0
0
0
1
1
1
1
1
1
1
1
1
1
1
1
1
1
1
1
1
1
1
1
0
0
0
0
0
0
0
0
0
0
0
0
0
0
0
0
0
0
0
0
0
0
0
0
0
0
0
0
0
0
0
0
0
0
0
0
0
0
0
0
0
0
0
0
0
0
0
0
0
0
0
0
0
0
0
0
0
0
-1
-1
-1
-1
-1
-1
-1
-1
-1
-1
-1
-1
-1
-1
-1
-1
-1
-1
-1
-1
-1
-1
-1
-1
-1
-1
-1
-1
0
2
2
2
2
2
1
1
1
1
1
1
1
1
1
1
1
1
1
1
1
1
1
1
1
1
1
1
1
1
1
1
1
1
1
2
1
1
1
1
1
1
1
2
2
3
3
3
3
3
3
-6
2
2
2
1
2
2
3
3
3
3
3
3
3
4
3
3
3
4
4
4
4
4
4
4
4
4
4
4
4
4
-5
4
4
4
-5
-14
12
3
3
3
3
2
2
2
2
2
2
2
1
2
2
2
2
2
2
2
2
2
2
2
2
2
2
2
2
2
2
2
2
2
2
2
2
2
2
2
2
2
2
2
2
2
2
2
2
2
2
2
2
2
2
2
2
2
2
2
3
3
3
3
3
3
3
3
3
3
2
2
2
2
2
2
2
2
2
2
2
2
2
2
2
2
2
2
-7
1
2
2
1
2
3
3
1
3
3
3
2
2
3
3
3
3
3
3
3
3
3
3
3
3
3
3
3
3
3
3
3
3
3
3
2
3
3
3
3
3
3
3
3
3
3
3
3
3
3
3
3
3
3
3
3
3
3
3
3
3
3
3
3
3
3
3
3
3
3
3
4
4
4
4
4
4
4
4
4
4
4
4
4
4
4
4
4
4
4
4
4
-4
-4
-4
-4
-4
-4
-4
-4
-4
-3
-4
-4
-4
-4
-4
-4
-4
-4
-4
-4
-4
-4
-4
-4
-4
-4
-4
-4
-4
-4
-4
-4
-4
-4
-4
-4
-4
-4
-4
6
-3
-2
-2
-2
-3
-4
-3
-3
-3
-3
-3
-3
-3
-4
-4
-4
-3
-3
-4
-4
-3
-3
-3
-4
5
-4
-4
0
0
0
0
0
0
0
0
0
0
-1
-1
0
-1
-1
-1
-1
-1
-1
-1
-1
-1
-1
0
0
0
0
0
0
0
0
0
0
0
0
0
0
8
0
-1
0
0
0
-1
0
0
0
1
-1
-9
8
-1
-1
0
-1
-1
-1
-1
0
-1
0
-1
-1
0
0
0
0
0
1
1
0
1
0
0
0
0
0
0
0
0
0
0
0
1
0
0
0
0
1
1
1
0
0
0
0
0
0
0
-1
-1
-1
-1
-1
-1
-1
-1
-1
-1
-1
-1
-1
-1
-1
-1
-1
-1
-1
-1
1
0
0
0
0
0
0
0
-1
0
0
0
0
0
0
0
0
0
1
0
0
0
0
0
8
-1
-1
0
-1
0
0
0
0
0
0
0
0
0
0
0
0
0
0
0
0
0
0
0
0
0
0
0
0
-1
0
8
-1
-1
0
0
0
0
0
0
0
0
0
0
0
0
-1
0
0
-1
0
0
0
0
0
0
0
0
0
0
0
0
0
0
1
-8
1
0
0
-9
18
9
-1
-1
-1
-1
-1
-1
-1
-1
-1
0
0
0
0
0
1
1
-8
-17
-26
-35
36
27
18
9
0
0
1
1
1
1
1
1
1
0
0
1
2
1
1
1
1
2
1
1
1
2
2
2
2
2
2
2
2
2
2
2
2
2
2
2
1
2
2
2
2
2
2
2
2
2
2
2
2
2
2
2
2
1
2
2
2
2
2
2
2
2
2
2
2
2
2
2
2
2
2
2
2
2
2
2
2
2
2
2
2
2
2
2
2
2
2
2
2
2
2
2
2
2
2
2
2
2
2
2
2
2
1
2
2
2
1
1
1
1
0
1
-8
-17
9
0
0
0
0
0
0
0
0
0
0
0
1
1
1
1
1
0
-9
-18
10
1
1
1
1
0
0
0
0
0
0
0
2
0
1
0
0
0
0
1
1
1
0
-1
0
0
0
0
0
1
0
0
0
0
0
0
0
0
0
0
0
0
0
0
0
1
0
1
1
1
1
1
1
1
1
1
1
1
1
1
1
1
1
1
1
1
1
1
2
1
2
2
2
-7
1
2
1
1
1
1
1
1
1
1
1
1
1
1
1
1
1
1
-8
2
2
2
2
2
2
2
2
2
3
3
-6
-15
-24
-33
-42
-51
-60
-69
-78
-87
-96
-105
-114
-123
-132
127
118
109
100
91
82
73
64
55
46
37
28
19
10
1
1
1
1
2
2
2
3
2
3
3
3
3
3
-6
-15
20
11
2
2
3
3
3
3
2
3
3
3
3
3
3
3
3
3
-6
-15
-24
-33
-42
-51
-60
55
46
37
28
19
10
1
1
1
1
1
1
1
1
1
1
1
1
1
1
1
1
1
1
1
1
2
-7
2
2
2
2
2
2
2
3
2
2
2
2
2
2
2
2
2
2
2
2
2
2
-7
4
4
4
4
4
5
4
4
4
4
3
4
4
4
4
4
4
3
3
3
4
4
4
5
3
3
3
4
3
3
3
3
-6
3
3
3
3
3
3
3
3
3
3
3
3
3
3
3
3
3
3
3
3
3
3
3
3
3
3
3
3
3
2
3
3
2
3
3
3
3
3
3
3
3
3
3
4
3
3
4
4
4
4
3
4
3
3
-6
-15
-24
20
11
2
3
3
2
2
3
3
3
3
3
3
3
3
3
3
3
3
3
2
4
3
3
3
3
3
-6
-15
20
11
2
2
-7
2
2
2
3
2
2
2
-7
3
3
3
-6
3
3
3
3
3
3
3
3
3
2
-7
2
2
-7
2
2
2
2
2
2
2
2
3
3
4
4
3
4
4
4
3
3
2
-7
3
2
2
2
2
2
2
2
2
2
2
2
2
2
2
2
2
2
-7
2
2
3
-6
2
2
2
2
2
2
2
2
2
2
2
2
2
2
-7
2
3
2
2
2
2
2
-7
2
-7
-16
-25
28
19
10
1
-8
1
1
1
1
1
1
1
1
1
1
1
1
1
1
1
-8
1
1
1
1
-8
-7
-17
-25
9
0
0
0
0
0
0
9
0
0
0
1
-1
0
0
0
0
0
0
1
0
1
1
0
1
0
1
0
1
1
1
1
1
1
1
1
1
1
-8
10
1
-8
0
0
0
0
0
0
-9
1
1
1
1
0
1
1
1
1
1
1
1
1
1
3
-43
-96
-105
103
94
85
76
67
58
49
40
31
22
13
4
-5
-14
-23
-32
-41
-50
-59
-87
-96
84
57
48
39
30
21
12
3
-6
-15
-24
-34
-42
-52
-61
-70
-79
74
65
56
38
29
20
191
182
173
164
155
146
3
3
4
3
-6
2
3
2
3
2
2
3
3
3
3
2
2
3
3
2
2
2
2
2
2
2
2
2
2
2
2
2
2
2
2
2
2
2
2
2
2
2
1
1
1
1
1
1
1
1
1
1
1
1
-6
4
-5
-14
-33
-202
-247
262
253
244
235
226
217
208
199
190
181
173
163
154
145
136
127
109
100
91
82
73
64
55
46
37
28
19
10
1
-8
1
-8
-17
-26
-35
-44
-53
-62
-71
-80
-89
-98
-107
-116
-125
-134
127
118
109
100
91
82
73
64
55
46
37
28
19
10
1
-8
10
1
-8
10
1
-8
-17
10
1
-8
1
1
1
-8
1
1
1
1
1
1
1
1
1
1
1
1
1
1
1
1
1
1
1
1
1
1
1
1
1
1
1
1
1
1
1
1
1
1
1
1
1
2
1
1
1
1
1
1
1
1
1
1
1
1
1
1
1
1
1
1
1
1
1
1
1
1
1
1
1
1
1
1
1
1
1
-7
3
2
2
3
-6
-15
-24
-42
-60
-70
-78
-87
-96
101
65
55
47
38
29
19
11
1
1
3
2
-6
12
3
-15
-24
-33
-42
-51
-60
-69
-78
-87
-96
-105
-114
-123
-132
-141
-150
-159
155
146
137
128
119
110
101
92
83
74
65
56
47
38
29
20
11
2
2
2
2
2
-7
2
2
2
2
2
2
-7
2
-7
-16
-25
-34
-43
37
28
19
10
1
-8
1
2
2
2
-7
-16
-25
-34
38
10
1
1
1
1
1
1
1
1
1
1
1
1
1
1
1
-8
1
2
-7
3
-6
2
2
2
2
2
2
2
2
3
3
3
3
3
3
3
2
3
3
3
4
3
3
3
3
5
3
5
-4
-4
-4
-4
-4
-4
-4
-4
-4
-4
5
-4
-4
-4
-3
-4
-4
-3
-3
6
-3
-4
-4
-4
-4
-2
-4
5
-4
-4
-4
-4
-2
-3
-3
-30
-48
-56
-65
-75
-83
-101
-111
-120
-128
-147
-156
-165
-174
-183
-200
-219
-236
-246
-255
-264
-273
-282
-291
-300
-309
-318
-326
-344
-354
-362
-371
368
359
350
341
332
323
314
305
296
287
278
269
260
251
242
233
224
215
206
197
187
179
170
161
152
143
134
125
116
107
98
89
80
71
62
53
44
35
26
17
8
-1
-10
-19
-28
-37
-46
-55
-64
-73
-82
-91
-100
-109
-118
-127
-136
-145
-154
-163
-172
-181
-190
-199
-208
-217
-226
-235
-244
-253
259
250
241
232
223
214
205
196
187
178
169
160
151
142
133
124
115
106
97
88
79
70
61
43
34
25
16
7
-2
-1
-2
-2
-2
-1
-1
-1
-1
-1
-1
-1
-1
-1
-1
-1
-1
-2
-1
-1
-1
-1
-1
-1
-1
8
-1
-10
8
0
-10
-19
26
17
8
-1
-1
-1
-1
-1
-1
0
-1
9
0
9
0
-9
-18
-27
-36
-45
-54
-63
-72
-81
-91
-99
-109
-180
-206
0
-1
-2
0
-1
-1
-1
-1
-1
-1
-1
0
-1
-1
8
-1
-1
8
-1
-1
-1
-1
8
-1
-1
-1
-1
-1
-1
-1
0
-1
8
-1
-1
-1
-1
-1
8
-1
-1
-1
-1
0
0
0
0
0
-1
0
0
0
0
0
0
0
0
0
0
0
0
0
0
0
0
0
0
0
0
0
0
-1
9
0
9
0
-1
9
0
0
8
-1
-1
-1
-1
-1
-1
-1
-1
-1
-1
-1
-1
-1
-1
0
-1
0
-1
-1
-1
-1
-1
-1
-1
-1
-1
-1
-1
-1
-1
-1
-10
8
-1
9
-1
8
-1
-1
-1
-1
-1
-1
-2
-9
-1
0
0
0
0
0
0
0
-1
0
0
0
0
0
0
0
-9
-8
-17
63
0
0
0
0
-1
-1
0
0
0
0
0
0
0
0
0
0
0
9
0
0
0
0
9
0
0
0
0
0
0
0
0
-9
-18
-27
-36
-45
-54
53
44
35
26
17
8
-1
9
0
0
0
-1
9
0
-1
-1
-1
-1
-1
-1
-2
-1
-1
-1
-1
-1
-1
-1
-1
-10
9
0
-1
0
0
0
-1
0
0
-1
0
0
0
0
0
0
0
0
0
0
0
0
-1
0
-8
0
0
0
0
0
-1
8
-1
-1
-1
-1
-1
-1
-1
-1
-1
-1
0
0
0
0
0
0
0
-1
0
0
0
0
0
9
0
0
0
0
0
0
8
-1
0
0
-1
9
1
0
0
9
0
0
0
0
0
9
0
0
0
0
0
0
0
0
0
0
0
0
0
0
0
-1
0
0
-467
-1448
1554
0
-1
-1
-1
-8
0
0
0
27
1
108
-8
37
-10
-2
-1167
-1645
-83
84
8
-2
-20
-29
-38
-47
-56
40
31
22
13
4
4
4
-5
-22
30
21
11
3
2
3
3
3
3
3
4
4
-3
-3
-3
-3
-3
-3
-3
-3
-3
-3
-3
4
4
3
4
3
3
3
3
3
3
3
3
3
3
3
3
-4
-4
-4
-4
-4
4
4
4
3
3
3
3
3
3
3
3
3
3
4
4
4
4
4
4
4
4
3
3
3
3
4
3
3
3
3
3
3
3
3
3
3
3
3
3
3
3
3
3
3
3
3
3
3
3
3
3
3
3
3
3
3
3
3
3
3
3
3
3
3
3
3
3
3
3
3
3
3
-6
2
2
2
2
2
-7
3
3
3
3
3
3
3
3
3
3
3
3
3
3
3
3
3
3
3
3
3
3
3
3
3
3
3
3
3
3
3
3
3
3
3
3
3
3
-6
2
2
-7
2
2
2
2
2
2
2
2
3
3
3
3
3
3
3
3
3
3
3
3
2
2
2
2
2
2
1
2
2
2
2
2
2
2
2
2
2
3
3
3
3
3
3
3
3
3
3
3
3
3
3
3
3
3
-6
2
2
2
2
2
2
2
2
2
2
2
2
2
2
2
2
2
2
2
2
2
2
2
3
3
3
3
3
3
3
3
3
3
3
3
3
3
4
4
4
4
4
4
4
4
4
4
4
4
4
5
4
4
4
4
4
4
4
4
4
4
4
4
4
4
4
3
4
3
3
3
3
3
3
3
4
3
3
3
3
3
3
3
3
3
3
3
3
3
3
3
3
3
3
3
3
3
3
3
3
3
3
3
3
3
3
3
3
3
2
2
2
2
2
2
2
2
2
2
2
2
2
2
2
2
2
2
2
2
2
2
2
2
3
2
2
2
2
2
2
2
2
2
2
2
2
2
2
2
2
2
2
2
2
2
2
-7
1
1
1
1
1
1
1
1
1
1
1
1
1
1
1
1
1
1
1
1
1
1
1
1
1
1
1
1
1
1
1
2
1
-7
2
2
2
-7
1
1
1
1
1
1
1
2
2
2
2
2
2
2
2
2
2
2
2
2
2
2
2
-7
1
1
1
1
1
1
1
1
1
1
1
1
1
1
1
1
1
1
1
1
1
1
1
1
1
1
1
1
1
1
1
1
1
1
1
1
1
1
1
1
1
1
1
1
1
1
1
1
1
1
1
1
1
1
1
1
1
1
1
1
1
1
1
1
2
2
2
2
2
2
2
2
2
2
2
2
2
2
2
2
2
2
2
2
2
2
2
2
2
2
1
1
1
1
1
1
1
1
1
1
1
1
1
1
1
1
0
0
0
0
0
0
0
0
0
0
0
0
0
0
0
0
1
1
1
1
0
0
0
0
0
0
0
0
0
0
0
0
0
0
0
0
9
0
0
0
0
0
0
0
0
0
0
0
0
0
0
0
0
0
0
0
0
0
0
0
-1
-1
-1
-1
-1
-1
-1
-1
-1
-1
-1
-1
-1
-1
-1
-1
-1
-1
-1
-1
-1
-1
-1
-1
-1
-1
-1
-1
-1
-1
-1
-1
-1
-2
-2
-2
-2
-2
-2
-2
-3
-3
-3
-3
-3
-3
-3
-2
-2
-2
-2
-2
-1
-1
-1
-1
-1
-1
-1
-1
-1
-1
-1
-1
-1
-1
-1
-1
-1
-1
-1
-1
-1
-1
-1
-1
-1
-1
-1
-1
-1
-1
-1
-1
-1
-1
-1
-1
-1
-1
-2
-2
-2
-2
-2
-2
-2
-2
-2
-2
-2
-2
-2
-2
-2
-2
-2
-2
-2
-2
-3
-3
-3
-3
-3
7
-2
-2
-2
-2
-2
-2
-2
-2
-2
-2
-1
-2
-2
-2
-2
-2
-11
-20
-29
32
23
14
5
-4
13
4
4
4
4
4
4
4
5
-4
-4
-4
-4
-4
4
4
4
4
4
4
4
3
3
2
2
2
2
2
2
2
2
2
2
2
2
2
2
3
2
1
2
2
2
2
2
2
2
2
2
2
2
1
1
1
1
2
1
1
1
1
1
1
1
2
2
2
2
2
2
2
2
2
2
2
2
2
2
1
1
1
0
1
1
0
1
1
1
2
1
1
1
1
1
0
0
0
0
0
0
0
0
0
0
0
0
0
0
0
0
0
0
0
0
0
0
0
0
0
0
0
0
0
0
0
0
0
0
0
0
1
0
-1
-1
0
0
0
0
0
0
0
0
1
0
0
0
0
0
0
0
0
0
0
0
0
0
0
0
0
0
0
0
1
1
1
1
1
1
1
1
1
1
1
1
0
1
1
1
1
1
1
1
1
1
1
1
1
1
1
1
1
0
0
0
0
0
0
0
0
0
0
0
0
0
0
0
0
0
0
0
0
0
0
1
0
0
0
0
0
0
0
0
0
0
0
0
0
0
1
1
1
1
1
0
1
0
0
0
0
0
0
1
0
0
0
0
0
0
9
0
-1
0
0
0
0
-1
-1
8
-1
9
1
1
1
1
0
1
1
1
1
1
1
0
0
0
0
0
0
0
0
0
0
0
0
0
0
0
0
0
-1
-1
-1
-1
-1
-1
-1
-1
-1
-1
-1
-1
-1
-1
-1
8
-1
-1
0
0
0
-1
-1
-1
-1
-1
-1
-1
-1
0
1
1
1
1
1
1
2
2
1
2
1
0
1
1
1
1
1
1
1
1
2
1
1
1
2
2
2
2
2
2
2
-7
2
1
1
1
1
1
1
1
1
1
1
1
1
1
1
2
2
2
2
3
2
2
2
3
3
3
2
2
2
2
2
1
1
2
2
2
3
3
3
3
3
4
3
4
4
4
4
4
4
3
4
4
4
4
4
4
-4
4
4
4
3
3
3
3
2
2
2
2
2
2
2
2
2
2
2
2
2
2
2
2
2
2
2
3
2
2
2
1
3
2
2
2
2
2
2
2
2
3
3
2
2
2
2
2
1
1
-8
2
2
2
2
2
2
2
2
2
2
3
2
3
3
3
3
3
3
3
3
3
3
3
3
2
2
2
2
2
2
2
2
2
2
2
2
2
2
2
2
2
2
2
2
2
2
2
2
2
2
2
2
2
2
2
2
2
2
2
2
2
2
2
2
2
2
2
2
2
3
3
2
2
2
2
2
2
2
2
2
2
2
2
2
2
2
2
2
2
2
2
2
2
2
2
3
3
3
3
3
2
2
2
2
2
2
2
2
2
2
2
2
2
3
3
3
3
3
3
3
3
3
3
4
4
4
4
4
4
4
-4
-4
-4
-4
4
4
4
4
4
4
-5
5
-3
6
-3
-3
-3
-3
-3
-3
-3
-3
-3
-3
-3
-3
-3
-3
-3
-3
-3
-3
-3
-3
-3
-3
-3
-3
-3
-3
-3
-3
-3
-3
-3
-3
-3
-3
-3
-3
-3
-3
-3
-3
-3
-3
-3
-3
-4
-4
-4
-4
-4
-4
-4
-4
-4
-4
-3
-3
-4
-3
-3
-3
-3
-3
-3
-3
-3
-3
-2
-2
-2
-2
-2
-2
-2
-2
-2
-2
-2
-2
0
0
0
0
0
0
0
0
0
0
0
0
0
0
0
-1
-1
-1
-1
-1
-1
-1
-1
-1
-1
-1
-1
-1
-1
-1
-1
-1
-1
-1
-1
-1
-1
-1
-1
-1
-1
-1
-1
-1
-1
-1
-1
-1
-1
-1
-1
-1
-1
-1
-1
-1
-1
-1
-1
-1
-1
0
0
-1
0
0
0
0
0
0
-1
-1
-1
-1
-1
-1
-1
-1
-1
-1
-1
0
0
0
0
1
1
1
1
1
0
0
0
0
0
0
0
0
0
9
0
0
0
0
0
0
0
0
0
0
0
0
0
0
0
0
0
0
0
0
0
0
0
0
0
0
0
0
0
0
0
0
0
0
0
0
0
0
0
0
0
0
0
-1
0
-9
17
8
-1
-1
9
0
0
0
0
0
0
0
0
0
0
0
0
0
0
0
0
0
9
0
-1
-1
-1
-1
-1
-1
-1
-1
-1
-1
-1
-1
-1
-1
0
-1
-1
-1
-1
-1
-1
-1
-1
-1
-1
-1
-1
0
0
0
0
0
0
0
0
0
0
0
0
0
0
0
0
0
0
0
-1
0
-1
0
0
0
0
0
-1
0
0
0
0
0
-9
-18
-27
35
26
17
8
-1
9
0
1
0
0
0
0
-8
1
1
-9
-18
-36
-45
37
28
19
10
1
1
2
1
1
1
1
1
1
1
1
1
1
2
1
1
1
1
1
1
2
-7
2
2
2
2
2
3
3
3
3
3
3
3
3
2
1
3
2
2
2
2
1
1
1
-7
3
3
2
2
2
3
2
2
2
2
1
2
-6
1
2
3
-6
2
2
2
-6
3
3
2
2
2
2
2
2
2
2
2
2
2
2
3
3
2
3
2
2
-7
12
3
2
2
2
2
2
2
2
2
2
2
2
2
2
2
1
2
1
1
0
-8
-8
9
1
0
-1
1
1
1
1
1
1
1
1
1
1
1
1
1
1
1
1
1
1
1
1
1
1
0
1
1
1
1
1
1
1
1
-8
0
0
0
0
0
0
0
0
0
0
0
0
0
0
0
0
0
0
0
0
0
0
0
0
0
0
0
0
0
0
0
0
0
0
0
0
0
1
1
1
1
1
1
-8
1
1
2
2
2
2
2
2
2
2
2
2
2
2
2
2
-7
10
1
-8
-17
10
1
1
1
1
-8
10
1
1
1
2
2
2
-7
2
2
2
-7
12
3
3
3
3
3
-6
-15
-24
-33
-42
-51
-60
-69
-78
-87
-96
-105
-114
-123
128
119
110
101
92
83
74
65
56
47
38
29
20
11
2
2
2
2
2
3
3
3
3
3
4
3
-6
4
4
3
-6
3
3
3
3
3
3
2
3
3
3
3
4
4
4
4
4
4
3
4
-5
-14
-23
-32
-41
-50
55
46
37
28
19
10
1
-8
10
1
2
2
2
2
2
2
2
2
2
2
2
2
2
2
2
2
2
2
2
2
2
3
2
3
3
3
3
3
-6
3
2
3
2
1
-7
2
2
2
4
4
4
4
4
4
4
-5
5
4
-4
3
3
-6
3
3
-6
4
4
4
4
4
4
4
4
4
4
4
4
4
4
4
4
4
4
4
4
4
4
4
3
3
3
3
3
3
3
3
3
3
3
3
3
3
3
3
3
3
3
3
3
3
3
3
3
3
3
3
3
3
3
3
3
3
3
3
3
3
3
3
3
3
3
3
3
3
3
3
3
3
3
3
3
3
3
3
3
3
3
3
3
3
3
3
3
3
3
2
2
-7
2
-7
-16
-25
28
19
10
0
1
1
-8
10
1
1
1
1
1
1
0
1
1
1
1
1
1
1
1
1
1
1
1
-8
1
-8
1
1
1
1
0
0
0
0
0
0
0
0
0
0
0
9
0
9
1
1
1
1
1
1
1
-8
0
1
1
0
2
2
2
1
0
-8
1
1
-8
0
1
1
1
1
1
1
1
1
0
0
0
0
0
0
0
0
1
0
0
0
-132
-141
-150
-159
-169
-177
-186
-195
-204
-213
-222
-231
-240
-249
-258
-268
-276
-286
-322
-367
-375
-403
-421
-430
-439
-448
-457
-466
-475
-484
-493
497
488
479
470
219
192
147
138
129
120
111
3
3
3
3
3
3
3
3
3
3
3
3
3
3
3
3
3
3
3
2
2
2
2
2
3
3
2
2
2
2
2
2
1
1
1
3
1
1
2
2
2
2
1
1
1
1
3
-15
-24
-33
-42
-59
-203
-212
217
208
199
190
181
172
163
155
146
128
119
110
100
92
83
74
65
56
47
38
29
20
11
0
1
1
1
-7
-16
-25
19
10
1
1
1
1
1
-8
2
2
2
2
-7
2
-7
-16
-25
-34
-43
-52
-61
-70
-79
-88
-97
101
92
83
74
65
56
47
38
29
20
11
2
1
2
-7
2
2
1
2
1
0
0
1
1
1
1
0
0
0
0
0
0
1
0
0
1
1
1
0
1
1
1
1
1
1
1
1
1
1
1
0
1
1
1
1
1
1
1
1
1
1
1
1
1
1
1
1
1
0
1
1
-8
1
-8
1
2
1
1
-8
0
1
1
2
2
2
1
3
3
4
3
3
3
3
3
2
3
2
2
-7
2
2
2
2
2
2
2
2
2
2
2
2
2
2
2
2
2
2
2
2
2
2
2
2
2
2
3
2
2
3
-6
-15
-24
-32
-42
-51
-60
-69
-78
-87
-104
-113
-122
-131
-140
-149
-158
155
146
137
128
119
110
101
92
83
74
65
56
47
28
19
10
1
1
1
1
1
2
3
2
2
-7
-16
-25
-34
-43
-52
-61
55
45
37
28
19
10
1
2
2
2
2
-7
10
1
-8
-17
-26
-35
-44
37
28
19
10
1
1
1
-8
1
-7
2
2
2
2
2
2
2
2
2
2
2
2
2
2
2
2
2
2
2
2
2
2
3
3
3
3
4
4
4
4
4
4
4
4
4
4
4
4
4
4
-4
-4
-3
-3
-3
-3
-3
-3
-3
-3
-3
-3
-3
-3
-3
-4
-3
-3
-3
-3
-3
-3
-3
5
-3
6
-3
-3
-3
-3
-3
-3
-3
-3
-3
-3
-3
-12
-21
-30
-39
-48
-57
-66
-75
-84
-93
-102
-111
-120
-129
-138
-147
-156
-165
-174
-183
-192
-201
-210
-219
-228
-237
-246
-255
-264
-273
-282
-291
-300
-309
-318
-327
-336
-345
-354
-363
-372
-381
-390
-399
-408
-417
-426
-435
-444
-453
-462
-471
-479
-489
-498
-507
-516
-525
-534
-543
-552
-561
-570
-579
-588
-597
601
592
583
556
548
538
529
521
512
502
485
475
466
457
439
422
413
404
395
386
377
368
359
350
341
332
323
314
305
296
287
278
269
260
251
242
233
224
215
206
197
188
179
170
161
152
143
134
125
116
107
98
89
80
71
62
53
44
35
26
17
8
-1
-10
8
-1
-10
-19
-28
33
24
15
-3
-12
7
-1
0
0
-1
-1
-1
-1
8
-1
0
0
-1
-1
-10
8
-1
-10
-19
-28
34
25
16
8
-1
-1
0
0
0
0
-8
-17
-35
-44
-53
-62
-72
-80
-89
-108
-117
-126
-135
312
-2
-1
0
0
0
0
0
0
0
0
0
0
0
0
0
0
0
0
0
0
0
0
0
-1
-1
-1
-1
-1
-1
0
0
0
0
0
0
0
0
0
0
0
0
0
0
0
0
0
-1
-1
0
0
0
-1
-1
-1
0
-1
0
0
-1
0
0
0
0
0
-1
0
0
0
0
0
0
0
0
0
0
0
0
0
0
0
0
-1
0
0
0
0
0
0
0
0
0
0
0
0
0
-1
-1
0
0
8
-1
9
0
0
0
0
0
0
0
0
8
-1
-10
8
-1
0
9
0
0
0
-18
-1
0
-1
-1
-1
-1
9
0
9
0
9
0
-8
-18
-98
-27
26
18
8
-1
-1
-1
-1
-1
-1
-1
-1
-1
0
-1
-1
1
0
0
-1
0
0
-1
-10
-19
-28
27
17
8
-1
8
0
0
0
-1
-1
-1
8
-1
-1
-1
-1
-1
-1
-1
-1
-1
0
-1
-1
-1
0
0
0
0
0
0
0
-1
-1
-1
-1
0
-1
-1
-1
0
0
-1
-1
-1
0
-1
-1
-1
0
-1
0
-1
-1
0
0
9
0
0
0
0
-1
9
0
8
-1
-1
-1
-1
9
0
9
0
0
0
-1
-1
0
0
-9
8
-1
8
-1
0
0
0
0
0
0
-1
0
0
0
0
0
0
0
0
0
0
0
0
0
0
0
0
0
0
0
0
0
0
0
0
0
0
0
1
0
0
0
0
1
0
-1
0
0
0
0
-1
0
-1
-1
-1
-1
-1
-1
0
0
0
0
1
0
-1
0
0
8
-1
-2
-1
-1
379
-422
-1455
