-2
-2
-2
-2
-3
-3
-3
-3
-3
-3
-2
-2
-2
-2
-2
-2
-2
-2
-2
-2
-2
-2
-2
-2
-2
-2
-2
-3
-3
-3
5
-4
-4
-4
-3
-3
-3
-2
8
-1
-1
-1
-2
-2
-2
-2
-2
-2
-3
-3
-3
-3
-3
-3
-3
-3
-3
-3
-3
-3
-3
-3
-3
-3
-3
-3
-3
-3
-3
-3
-3
-3
-3
-3
-3
-3
-3
-3
-3
-3
-3
-3
-3
-3
-3
-3
-3
-3
-3
-3
-3
-3
-4
-4
-4
-4
-4
-4
-4
-4
-4
-4
-4
-4
4
4
4
4
-2
-2
-2
-3
-3
-3
-3
-3
-3
-3
-3
-3
-3
-4
-3
-3
-3
-4
-4
-4
-4
-4
-4
-4
-4
-4
-4
-4
-4
-4
-4
-4
-4
-4
-4
-4
-4
-4
-4
-4
-4
-4
-4
-4
-4
-4
-4
-4
-4
-4
-4
-4
-4
-4
-4
-4
-4
-4
-4
-4
-4
-4
-4
-4
-4
-4
-4
-4
-4
-4
-4
-4
-4
-4
-4
-4
-4
-4
-4
-4
-4
-4
-4
-4
-4
-4
-4
-4
-4
-4
-4
-4
-4
-4
-4
-4
-4
-4
-4
-4
-4
-4
-4
-4
-4
-4
-4
-4
-4
-4
-4
-4
-4
-4
-4
-4
-4
-4
-4
-4
-4
-4
-4
-4
-4
-4
-4
-4
-4
-3
-3
-3
-3
-3
-3
-4
-4
-4
-4
-4
-4
-4
-4
-4
-4
-4
-4
-4
-4
-4
-4
-4
-4
-4
-4
-3
-4
-4
-4
-4
-4
-4
-4
-4
-4
-4
-3
-4
-4
-4
-4
-4
-4
-4
-4
-4
-4
-4
-4
-4
-4
-4
-4
-4
-4
-4
-4
-4
-4
4
4
4
4
4
4
-4
4
4
4
4
4
4
4
4
4
4
4
4
4
4
4
4
4
4
4
4
4
4
4
4
-4
-4
-4
-4
-4
-4
6
-4
-4
-4
-4
-4
-4
-4
-4
-4
-4
-4
-4
-4
-4
-4
-4
-4
-4
-4
-4
-4
-4
-4
-4
-3
-3
-3
-3
-3
-3
-3
-3
-3
-3
-3
-3
-3
-3
-3
-4
-4
-4
-4
-4
-4
-4
-4
-4
-4
-4
-4
-4
-4
-4
-4
4
4
4
4
4
4
4
4
3
3
2
2
2
2
2
2
2
2
2
2
2
2
2
2
2
2
2
2
2
1
1
1
1
1
1
1
1
1
1
1
1
1
1
1
1
1
1
1
1
1
1
1
1
1
1
2
2
2
2
2
2
2
1
2
2
2
2
2
2
2
2
2
2
2
2
2
2
2
2
2
1
1
1
1
1
1
1
1
1
2
2
2
2
2
2
2
2
2
2
2
2
1
1
1
2
2
2
2
1
2
2
2
2
1
1
1
1
1
1
2
2
2
2
2
2
2
2
2
2
2
2
2
2
2
2
2
1
1
1
1
0
0
0
0
0
0
0
0
0
0
1
1
1
1
1
1
1
1
1
1
1
1
1
1
1
1
0
0
0
0
0
0
0
0
0
0
0
0
0
0
-9
1
1
1
1
1
1
1
1
1
1
1
1
1
1
1
1
-8
11
2
2
2
2
2
2
2
2
2
2
2
2
2
-7
-16
-25
-34
-43
51
42
33
24
15
6
-3
-3
-3
7
-2
-2
-2
-2
-2
-2
-2
-2
-2
-1
-1
-1
-1
-1
-1
-1
-1
-1
-1
-1
-1
-1
-1
-1
-1
-1
-1
-1
-1
-1
-2
-2
-2
-2
-2
-2
-2
-2
-2
-2
-2
-2
-2
-2
-2
-2
-2
-2
-2
-2
-2
-2
-2
-2
-2
-2
-2
-2
-2
-2
-2
-2
-2
-2
-2
-2
-3
-3
-3
-3
-3
-3
-3
-3
-3
-3
-3
-3
-3
-3
-3
-3
-3
-3
-3
-3
-3
-3
-3
-3
-3
-3
-3
-3
-3
-3
-3
-3
-3
-3
-3
-3
-3
-3
-3
-3
-3
-3
-3
-3
-3
-3
-3
-3
-3
-3
-3
-3
-3
-3
-3
-3
-3
-3
-3
-3
-3
-2
-2
-2
-2
-2
-2
-2
-2
-2
-2
-2
-2
-2
-2
-2
-2
-2
-2
-2
-2
-2
-2
-2
-2
-2
-2
-2
-2
-2
-2
-2
-2
-2
-2
-2
6
-3
-3
-3
-3
-3
-3
-3
-3
-3
-3
-3
-3
-3
-3
-3
-3
-3
-4
-4
-4
-4
-4
-4
-4
-4
-3
-4
5
-4
-3
-3
5
-4
-4
-4
-4
-4
-4
-4
-3
-4
4
4
4
4
4
4
4
4
4
4
4
4
4
4
4
4
4
4
4
4
4
4
4
4
4
4
4
5
-4
-4
-4
-4
-4
-4
-4
-4
-4
-4
-4
-4
-4
-4
-4
-4
-4
-4
-4
-4
-4
-4
-4
-4
-4
-4
-4
-4
-4
-4
-4
-4
-4
-4
-4
-4
-4
-4
-4
-4
-4
-4
-4
-4
-4
-4
-4
-4
-4
-4
-4
-4
-4
-4
-4
4
4
4
4
4
-4
-4
-4
-4
-4
-4
-4
-4
4
4
4
4
4
4
4
4
4
4
4
4
4
4
4
4
4
4
4
4
-4
-4
-4
-4
-4
-4
-4
-4
-4
-4
-4
-4
-4
-4
-4
-4
4
-4
-4
-4
-4
-4
-4
-4
-4
-4
-4
-4
-4
-4
4
4
4
4
4
4
4
4
4
4
4
4
4
4
4
4
-5
5
-4
-4
-4
-4
-4
-4
-4
-4
-4
-4
-4
-4
-4
-4
-4
-4
-4
-4
-4
-4
-4
-4
-4
-4
-4
-4
-4
-4
-4
-4
-4
-4
-4
-4
-4
-4
-4
-4
-4
-4
-4
-4
-4
-4
-4
-3
-3
-3
-3
-3
-3
-3
-3
-4
-4
-4
-4
-4
-4
-4
-4
-4
-3
-3
-3
-3
-3
-3
-3
-3
-3
-3
-3
-3
-3
-3
-3
-3
-3
-3
-3
-3
-3
-3
-3
-3
-3
-3
-3
-3
-3
-3
-3
-3
-2
-3
-2
-2
-2
-2
-2
-2
-2
-2
-1
-1
-1
-1
-1
-1
-2
-2
-2
-11
7
-2
-2
-2
-2
-2
-2
-2
-2
-1
-1
-1
-1
-1
-1
-1
-2
-2
-2
-2
-2
-2
-2
-2
-2
-2
-2
-2
-1
-1
-1
-1
-1
-1
-1
-1
-1
-1
0
0
0
0
0
0
0
0
0
0
0
0
0
0
0
0
0
0
0
0
0
0
0
-1
0
0
0
0
0
-1
-1
-1
-1
-1
-1
-1
-1
-1
-1
-1
-1
-1
-1
-1
-1
-1
-1
-1
-1
-1
-1
-1
-1
-1
-1
-1
0
0
0
0
0
0
0
0
0
0
0
0
0
-1
-1
-1
-1
-1
-1
-1
-2
-11
8
-1
-1
-2
-2
-2
-2
-2
-2
-2
-2
-2
7
-2
-2
-2
-3
-3
-3
-3
-3
-3
-3
-2
-2
-2
-2
-2
-2
-2
-2
-2
-2
-2
-2
-2
-2
-2
-2
-2
-2
-2
-2
-2
-2
-2
-1
-2
-2
-2
-2
7
-2
-2
8
-1
-1
-1
-2
-2
-1
-10
-19
24
15
6
-2
-2
-2
8
-1
-1
-1
-1
-10
-19
-28
-37
44
35
26
17
8
-1
-2
-2
-2
-2
-2
-2
8
-1
-1
-1
-1
-1
-1
-1
0
0
0
0
0
0
0
0
-1
-1
-1
-1
-1
0
0
-9
-18
-27
-36
42
33
24
15
6
-4
-4
-4
-4
-3
-3
-3
-3
-3
-3
-3
-3
-3
-3
-3
-3
-3
-3
-3
4
-4
-4
4
4
4
-5
4
4
3
4
4
4
4
4
4
4
4
4
4
3
3
3
3
3
3
4
4
4
4
-4
4
4
4
4
4
4
4
-5
3
3
3
3
3
2
2
2
3
3
3
3
3
3
3
3
3
3
3
3
3
3
3
-6
3
3
3
3
3
3
3
3
3
3
3
3
3
3
3
3
3
4
4
4
4
4
4
4
3
4
4
4
4
4
4
4
4
4
4
4
4
-4
4
-4
4
-4
4
4
4
4
4
4
4
4
4
4
4
4
4
4
4
4
4
4
3
3
3
3
3
3
3
3
3
3
3
3
3
3
3
3
3
3
3
3
3
4
3
4
4
4
4
4
4
4
4
4
4
4
4
3
3
3
3
3
3
3
3
3
3
3
3
3
3
4
3
3
3
3
3
3
3
3
3
3
4
3
3
3
3
3
2
2
2
2
2
2
2
2
2
2
2
2
2
2
2
2
2
2
2
2
2
2
2
2
2
2
2
2
2
2
2
2
2
2
2
2
2
2
2
2
2
2
2
2
2
2
2
2
2
2
2
2
2
2
2
2
2
2
2
2
2
2
2
2
2
2
2
2
2
2
3
3
3
3
3
3
3
3
3
3
3
3
3
3
3
3
3
3
3
3
3
3
3
3
3
3
3
3
3
3
3
3
3
3
3
3
3
3
3
3
3
3
3
2
3
3
2
2
2
2
3
3
3
3
3
3
3
3
3
3
3
3
3
3
3
3
3
3
3
3
3
3
3
3
3
3
3
3
3
4
4
4
-5
4
4
4
4
-5
4
3
3
3
2
3
3
3
3
3
3
3
3
3
3
3
3
3
3
3
3
3
3
4
4
4
4
4
4
4
5
4
4
4
4
3
-6
-15
-24
22
13
4
-5
-14
-23
-32
24
15
6
-3
-4
-4
-4
-4
6
-3
-4
-4
-4
-4
6
-3
-3
-3
-3
-3
-3
-3
-3
-3
-3
-3
-3
-3
-2
-2
-2
-2
-2
-2
-2
-2
6
-3
-3
-3
6
-3
-3
-3
-3
-3
-3
-3
-2
-2
-3
-2
-2
-2
-2
-2
-2
-2
-2
-2
-3
-2
-2
-2
-2
-2
-2
-3
-3
-3
-3
-3
-3
-3
-3
-3
-3
-3
-3
-3
-3
-3
-3
-3
-3
-3
-3
-3
-3
-3
-3
-3
-3
-3
-3
-3
-3
-3
-3
-3
-3
-3
-3
-3
-3
-3
-3
-3
-3
-3
-3
-3
-3
-3
-3
-3
-3
-3
-3
-3
-3
-3
7
-2
-2
6
-3
-3
-3
-3
-3
-3
-3
-3
-3
-3
-3
-3
-3
-2
-2
-2
-3
-2
7
-2
-2
-2
-2
-2
-11
6
-3
-2
-2
-2
-2
-1
-1
-1
7
-2
-1
-2
-1
-2
-1
-1
-3
-3
-2
1
0
0
0
0
-1
-1
-1
-1
-1
-1
-1
-1
-1
-1
-1
-1
-1
-1
-1
-1
-1
1
1
0
1
1
1
1
1
1
1
1
1
1
1
2
2
2
2
2
3
2
2
2
2
2
2
2
2
2
3
1
1
1
1
1
2
2
1
1
1
2
2
2
1
2
2
2
2
2
3
3
3
3
3
3
3
3
3
3
4
3
3
3
3
3
3
3
3
3
3
3
3
3
3
2
3
3
4
4
4
4
-5
4
4
4
4
4
4
4
4
4
5
-4
5
-4
-4
5
-4
3
-6
4
-5
5
4
4
4
4
-5
4
4
4
3
4
3
3
3
3
3
3
3
3
-6
3
3
-6
4
4
4
4
4
3
4
3
3
3
3
4
4
4
4
4
4
3
4
3
4
4
4
4
-5
14
4
4
-4
4
4
3
3
3
4
4
4
4
4
4
4
4
-5
4
3
3
3
3
-6
3
3
3
3
3
3
3
-6
-15
12
3
-6
-15
-24
-33
-42
-51
-60
-69
-78
-87
-96
-105
-114
-123
129
120
111
102
93
84
75
66
57
48
39
30
21
12
3
-6
-15
-24
-33
-42
-51
-60
-69
-78
-87
-95
-105
-114
-123
-132
-141
-150
-159
-168
-177
182
173
164
155
146
137
128
119
110
101
92
83
74
65
56
47
38
29
20
11
2
1
-7
-16
12
3
-6
-15
-24
-33
-42
-51
-60
-69
-78
-87
-96
-105
-114
-123
-132
-141
-150
144
135
126
117
108
99
90
81
72
63
54
45
36
27
18
9
0
1
1
1
1
1
-8
-17
-26
-35
-44
-53
-62
-71
-80
-90
-98
90
80
72
63
53
44
35
26
17
8
-1
8
-1
-1
-1
-2
7
-2
-1
-1
-1
8
0
4
4
4
4
4
4
3
3
3
2
2
3
2
3
3
4
4
4
4
4
4
3
3
3
3
2
2
2
2
2
2
2
2
3
2
2
2
2
2
2
2
2
2
2
3
3
3
2
2
-7
3
-6
3
3
2
2
2
3
2
-7
-16
12
3
-6
-15
-24
-33
-42
-51
-60
-69
-78
-87
-96
-105
-123
-132
-141
-150
-168
-177
-186
181
172
163
154
145
136
127
118
109
100
91
82
73
63
55
46
37
28
19
10
1
1
1
1
1
1
1
1
1
1
1
1
1
1
1
1
1
1
1
1
2
1
1
1
1
1
1
1
1
1
1
1
1
1
1
1
1
1
1
1
1
1
1
1
1
1
1
1
1
1
-8
2
1
2
1
2
2
2
1
1
1
1
1
-8
1
1
1
1
1
1
1
1
1
1
1
1
1
1
1
1
1
1
1
1
1
1
1
2
1
1
1
1
1
1
2
1
1
-8
0
0
9
0
-9
9
0
0
-9
-18
-27
-36
-45
-54
-62
-72
-81
89
80
71
62
53
44
35
26
17
8
-1
-10
-28
-37
-46
-55
-64
-73
-82
-91
-100
-109
-118
116
107
97
89
71
62
53
44
35
26
17
8
-1
-1
-1
-10
-19
-28
-37
-46
53
44
35
26
17
8
-1
-1
-1
-1
-2
-1
-1
8
-1
-1
-1
-1
-1
-2
-1
-1
0
-1
-2
-1
-1
-1
-1
-2
-1
-1
-1
-1
-1
8
-1
-1
-2
251
61
1
2
1
1
1
1
1
1
1
1
1
1
0
1
1
1
1
1
1
-17
9
0
-9
8
-1
0
0
0
0
0
0
-90
-892
77659
-42969
-3
-3
-4
-3
-3
-3
-3
-3
-3
-3
-3
-3
-3
-3
-3
-3
-3
-3
-3
-3
-3
-3
-3
-3
-3
-3
-3
-3
-4
-4
-4
-4
-4
-4
-1
-1
-1
-2
-2
-2
-2
-2
-2
-2
-2
-2
-2
-2
-2
-2
-2
-2
-2
-2
-2
-2
-2
-2
-2
-2
-2
-2
-2
-2
-2
-2
-2
-2
-3
-3
-3
-3
-3
-3
-3
-2
-2
-3
-3
-2
-3
-3
-3
-3
-3
-3
-3
-3
-3
-3
-3
-3
-3
-3
-3
-3
-3
-3
-4
-3
-4
-3
-3
-3
-1
-1
-1
-1
-1
-1
-1
-1
-2
-2
-2
-2
-2
-2
-2
-2
-2
-2
-2
-2
-2
-2
-2
-2
-2
-2
-2
-3
-3
-3
-3
-3
-3
-3
-3
-3
-3
-3
-3
-3
-3
-3
-3
-3
-3
-3
-3
-3
-3
-3
-3
-3
-3
-3
-3
-3
-3
-3
-3
-3
-3
-3
-3
-3
-3
-3
-3
-3
-3
-3
-3
-3
-3
-3
-3
-3
-3
-3
-3
-3
-3
-3
-3
-3
-3
-3
-3
-3
-3
-3
-3
-3
-3
-3
-3
-3
-3
-3
-3
-3
-3
-3
-3
-3
-3
-3
-3
-3
-3
-3
-3
-3
-2
-2
-3
-3
-3
-3
-3
-3
-3
-3
-3
-3
-3
-3
-3
-3
-3
-3
-3
-3
-3
-3
-3
-3
-3
-3
-3
-3
-3
-3
-3
-2
-3
-3
-3
-3
-3
-3
-3
-3
-3
-3
-3
-3
-3
-3
-3
-3
-3
-3
-3
-3
-3
-3
-3
-3
-3
-3
-3
-3
-3
-3
-3
-3
-3
-3
-3
-3
-3
-3
-3
-3
-3
-3
-3
-3
-3
-3
-3
-3
-3
-4
-4
-4
-4
6
-3
-3
-3
-3
-3
-3
-4
-4
-4
-4
-4
-4
6
-3
-3
-3
-3
-3
-3
-3
-3
-3
-3
-3
-3
-3
-3
-3
-3
-3
-3
-3
-3
-3
-3
-3
-3
-3
-3
-3
-3
-3
-3
-3
-3
-3
-3
-3
-3
-3
-3
-3
-3
-2
-3
-2
-3
-3
-3
-3
-3
-3
-3
-3
-2
-3
-3
-3
-3
-3
-3
-3
-3
-3
-3
-3
-3
-3
-3
-3
-3
-3
-4
-4
-4
-4
-4
-4
4
4
4
4
4
4
4
4
4
3
4
3
-6
3
3
3
3
3
3
3
3
3
3
3
4
4
4
4
-4
-4
-4
-4
-4
-4
-4
3
3
3
3
3
3
3
3
3
3
3
3
3
3
3
3
3
3
3
3
3
4
3
3
3
3
3
3
3
4
4
-5
3
3
3
3
3
2
2
2
2
2
2
2
2
3
3
3
3
3
3
3
3
3
3
3
3
3
3
3
3
3
3
3
3
3
3
3
3
3
3
3
3
3
3
3
3
3
3
3
3
3
3
3
3
3
3
3
3
3
3
3
3
3
2
2
2
2
3
2
2
2
2
2
-7
1
1
1
-8
2
2
2
2
2
2
2
2
2
2
2
1
1
1
1
1
1
1
1
1
1
1
1
1
1
1
1
1
1
1
1
1
2
2
2
2
2
2
2
2
2
2
2
2
1
1
2
2
2
2
2
2
2
2
2
2
2
2
2
2
2
2
-7
2
2
2
2
2
3
3
3
-6
4
4
4
-5
-14
-23
18
9
0
1
1
1
1
1
1
1
1
1
1
1
1
1
1
1
1
1
2
2
2
2
2
3
3
3
4
4
4
4
5
-4
-4
-4
-4
6
-3
-3
-3
-3
-3
-2
-2
-2
-2
-2
-2
-2
-2
-2
-1
-1
-1
-1
-1
-1
-1
-1
-1
-3
-2
-3
-3
-3
-3
-3
-3
-3
-3
-3
-3
-3
-3
-3
-3
-3
-3
-3
-3
-3
-3
-3
-3
-3
-3
-3
-3
-3
-3
-3
-3
-3
-3
-3
-3
-3
-3
-3
-3
-3
-3
-3
-3
-3
-3
-3
-3
-3
-3
-3
-3
-3
-3
-3
-3
-3
-3
-3
-3
-3
-3
-3
-3
-2
-3
-2
-3
-3
-3
-3
-3
-3
-3
-3
-3
-3
-3
-3
-3
-3
-3
-3
-3
-3
-3
-2
-2
-2
-2
-2
-2
-2
-2
-2
-2
-2
-2
-2
-2
-2
-2
-2
-2
-2
-2
-2
-2
-2
-2
-3
-3
-3
-3
-3
-3
-3
-3
-3
-3
-3
-3
-3
-3
-3
-3
-3
-3
-3
-3
-3
-3
-3
-2
-3
-3
-2
-2
-2
-2
-2
-2
-2
-2
-3
-3
-4
-4
-4
-4
-4
-4
-4
-4
-4
-4
-3
-3
7
-2
-2
-2
-2
-2
-2
-2
-2
-2
-2
-2
-2
-2
-2
-2
-2
-2
-2
-2
-2
-2
-2
-2
-2
-2
-2
-2
-2
-2
-2
-2
-2
-2
-2
-2
-2
-2
-2
-2
-2
-2
-2
-2
-2
-2
-2
-2
-2
-2
-2
-2
-2
-2
-2
-2
-2
-2
-2
-2
-2
-2
-3
-3
-3
-3
-3
-3
-2
-3
-3
-2
-2
-2
-3
-3
-3
-3
-3
-3
-3
-3
-3
-3
-3
-3
-2
-2
-2
-2
-2
-2
-2
-2
-2
-2
-2
-2
-2
-2
-2
-2
-2
-2
-2
-2
-2
-2
-2
-2
-2
-2
-2
-2
-2
-2
-2
-2
-2
-2
-2
-2
-2
-3
-3
-3
-3
-3
-3
-3
-3
-3
-3
-3
-3
-3
-3
-3
-3
-3
-3
-3
-3
-3
-3
-3
-3
-3
-3
-2
-3
-3
-3
-3
-3
-3
-3
-3
-2
-3
-2
-2
-2
-2
-2
-2
-2
-2
-2
-2
-2
-2
-2
-2
-2
-2
-2
-2
-2
-2
-2
-2
-2
-2
-2
-2
-2
-2
-2
-2
-2
-2
-2
-2
-2
-2
-2
-2
-2
-2
-2
-2
-2
-2
-3
-3
-3
-3
-3
-3
-3
-3
-3
-3
-3
-3
-3
-3
-3
-3
-3
-3
6
-3
-3
-3
-3
-3
-3
-3
-3
-3
-3
-3
-3
-3
-3
-3
-3
-3
-3
-3
-3
-3
-3
-3
-2
-3
-3
-3
-3
-3
-3
-3
-4
-3
-3
-3
-3
-3
-3
-3
-3
-4
-3
-3
-3
-3
-3
-12
-21
-30
-39
-57
-66
-84
-93
-102
107
98
89
80
71
62
53
44
35
26
17
8
-1
9
0
0
0
0
-9
1
1
1
1
1
-8
-17
-26
26
17
8
-1
-1
-1
-1
-1
-1
-1
0
0
0
0
0
0
0
0
0
0
0
0
-1
-1
0
0
0
0
0
0
0
0
0
0
0
0
0
0
0
0
0
0
0
0
0
0
0
0
0
0
0
-9
1
1
1
1
1
1
-8
2
2
2
2
3
3
3
3
4
4
4
4
-5
-14
-23
-32
-41
-50
-59
-68
-77
-86
91
82
73
64
55
46
37
28
19
10
1
2
2
2
2
2
2
1
1
1
-8
1
2
2
2
2
2
2
2
2
1
1
1
1
1
2
2
2
2
2
2
3
2
2
2
2
2
2
2
2
2
2
2
2
2
2
2
2
2
2
2
2
2
2
2
2
2
1
2
2
2
2
2
2
2
2
2
2
2
2
2
2
2
2
2
2
2
2
2
2
2
3
3
2
3
3
3
3
-6
3
2
2
-7
-16
-25
-34
-43
-52
-61
-70
-80
-89
-2
-2
3
3
3
3
3
3
2
3
3
3
3
3
3
3
3
3
3
3
2
2
2
2
2
2
2
2
2
2
3
2
3
3
3
2
1
2
2
2
2
2
2
2
2
2
2
2
2
2
2
2
2
2
2
2
3
2
2
2
2
2
2
2
2
2
2
2
2
2
2
2
2
2
2
2
2
2
2
2
2
2
2
2
2
2
2
3
3
3
3
3
3
3
3
3
3
3
3
3
3
3
3
3
3
3
3
3
3
3
3
3
2
2
2
2
2
3
2
2
3
3
3
3
2
3
3
2
2
2
2
2
2
2
2
2
2
2
2
2
2
2
2
2
2
2
2
2
2
2
2
2
2
2
2
2
2
2
2
2
2
2
2
2
2
2
2
2
2
2
2
3
3
3
3
3
3
3
3
3
3
3
3
3
3
3
3
3
-6
2
2
3
2
-6
12
3
-6
3
2
3
3
3
3
3
3
3
2
2
2
2
2
3
2
3
2
-7
2
2
2
2
2
2
2
2
2
2
2
2
2
2
2
2
2
2
2
2
2
2
2
2
2
2
3
3
3
4
4
4
4
4
4
4
4
4
4
4
4
4
4
4
4
3
-3
-4
-3
-4
-4
-4
-4
-4
-4
-4
-4
-4
-4
-4
-4
-4
-4
-4
-4
-4
-4
-3
-4
-4
-4
-4
-4
-4
-4
-4
-4
-4
-4
-4
-4
-4
-4
-4
-4
-4
-4
-4
-4
-4
-4
-4
-4
-3
-4
-4
-4
-3
-3
-3
-3
-3
-3
-3
-4
-3
-3
-3
-3
-3
-3
-2
-2
7
-2
-2
-1
-1
-2
-1
-1
-1
-1
-1
-1
-1
-1
-2
-1
7
-2
-11
16
7
-2
8
-1
-1
-1
-1
-1
-1
-1
-1
-1
-1
-1
-1
-1
-1
-1
-1
-1
-1
-1
-1
-1
-2
-2
-1
-2
8
-2
-2
-2
-2
-2
-2
-2
-1
-1
-1
-1
-2
-1
-2
-2
-2
-2
-2
-2
-2
-2
-2
-2
-1
-2
-2
-2
-2
-2
-2
-2
-2
-1
-2
-2
-2
-2
-2
-2
-2
-2
-2
-2
-2
-2
-2
-2
-2
-2
-2
-2
-2
-2
-2
-2
-3
-2
-2
-3
-2
-2
-2
-2
-2
-3
-2
-2
-3
-3
-3
-2
-3
-3
-3
-3
-3
-3
-3
-3
-3
-3
-3
-3
-3
-3
-3
7
-2
-2
-2
-3
-3
-3
-3
-3
-3
-3
-3
-3
-3
-3
-2
5
-2
-2
-2
-12
-21
-30
-39
-47
-65
-92
-101
101
92
83
74
65
56
47
38
29
20
11
2
2
2
2
2
2
2
2
2
2
2
2
-7
2
2
2
2
2
2
2
3
2
3
3
3
3
3
3
3
3
3
3
3
3
2
3
3
3
3
3
2
3
3
3
3
3
3
3
3
3
3
3
3
3
3
3
3
3
3
3
3
3
3
3
3
3
3
3
3
3
3
3
3
3
3
3
3
3
3
3
3
3
3
3
3
3
3
3
3
3
3
3
3
3
3
3
3
3
3
3
3
3
3
3
3
3
3
3
3
3
3
3
3
3
3
3
3
3
3
3
-6
3
3
3
3
3
3
3
3
3
3
3
3
3
3
3
3
3
3
3
3
3
3
3
3
3
3
3
3
3
3
3
3
3
3
3
3
2
2
2
2
2
2
2
2
2
2
2
2
2
2
2
2
2
2
2
2
2
2
2
2
3
2
2
2
2
2
2
2
2
2
2
2
2
2
2
2
2
2
2
2
2
2
2
4
3
3
3
3
3
3
3
3
3
-6
3
3
3
3
3
3
3
3
3
3
3
3
3
3
3
3
3
3
3
3
3
3
3
3
3
3
3
3
3
3
3
3
3
3
3
3
3
3
3
3
3
3
3
3
3
3
3
4
2
-6
3
-6
3
3
3
2
2
2
2
1
1
1
1
2
1
1
1
1
2
1
1
2
2
1
2
2
2
2
2
2
2
1
1
1
2
1
1
1
1
1
2
2
1
1
1
1
1
1
1
1
1
1
1
1
1
1
1
1
1
1
1
1
1
1
1
1
1
1
1
1
1
1
1
2
0
1
1
1
2
1
1
1
1
1
1
1
1
1
1
1
1
1
1
1
1
1
1
1
1
1
0
-9
1
1
1
1
1
1
1
1
1
1
1
1
1
1
1
1
-8
0
1
1
1
1
-8
1
1
0
1
1
1
1
-8
1
0
0
0
0
0
0
0
0
0
0
0
1
0
1
-1
-1
0
0
-1
-1
-1
-1
0
0
-1
-1
-1
-1
-1
-1
-1
0
-1
0
-1
-1
-1
-1
-1
-1
-1
-1
0
0
-1
-1
0
-1
-1
-1
-1
-1
0
-1
0
-1
-1
-1
-1
-1
-1
-1
-1
-1
-1
-1
-1
-1
-1
-1
-1
-1
-1
-1
-1
-1
0
-2
-11
17
8
-2
-1
-2
0
0
0
0
0
0
0
0
-1
0
-1
-1
0
-1
0
0
-1
-1
-1
-1
-1
-1
-1
-1
-1
0
134
126
108
61
-443
12290
5386
3883
3048
2954
-41035
-3
-3
-3
-3
-4
-4
-3
-3
-3
-3
-3
-3
-3
-3
-3
-3
-3
-2
-3
-3
-3
-3
-3
-3
-3
-3
-3
-3
-4
-3
-4
-4
-4
-4
-1
-1
-1
-1
-1
-1
-1
-1
-2
-2
-2
-2
-2
-2
-2
-2
-2
-2
-2
-2
-2
-2
-2
-2
-2
-2
-2
-2
-2
-2
-2
-2
-2
-2
-2
-2
-2
-2
-2
-2
-2
-2
-2
-2
-2
-1
-1
-10
7
-2
-1
-1
-1
-2
-2
-3
-3
-3
-3
-3
-3
-3
-3
-3
-3
-3
-3
-3
-3
-3
-3
-3
-2
-2
-2
-2
-1
-1
-1
-1
-1
-1
-1
-1
9
0
-2
-2
-2
-2
-2
-2
-2
-2
-2
-2
-2
-2
-2
-2
-2
-2
7
-2
-2
-2
-2
-2
-2
-1
-2
-2
-2
-2
-2
-2
-2
-2
-2
-2
-2
-2
-2
-2
-2
-2
-2
-2
-2
-2
-2
-2
-2
-2
-2
-2
-2
-2
-2
-3
-2
-2
-2
-2
-2
-2
-2
-2
-2
-2
-2
-1
-1
-1
-1
-1
-1
-1
-1
-2
-1
-2
-2
-2
-2
-2
-2
-2
-2
-2
-2
-2
-2
-2
-2
-2
-2
-2
-2
-2
-2
-2
-2
-2
-2
-1
-2
-1
-1
-1
8
-1
-1
-1
-2
-1
7
-2
-2
-2
-2
-2
-2
-2
-2
-2
-2
-2
-2
-2
-2
-2
-2
-2
-2
-2
-2
-2
-2
-2
-2
-2
-2
-2
-2
-2
-2
-2
-2
-2
-2
-2
-2
-2
-2
-2
-1
-1
-1
-1
-1
-1
-1
-1
-1
-1
-1
-1
-1
-1
-1
-2
-2
-2
-2
-2
-2
-2
-2
-2
-2
-2
-2
-2
-2
-2
-2
-2
-2
-2
-2
-2
-2
-2
-2
-2
-1
-2
-2
-2
-2
-2
-2
-2
-2
-2
-2
-2
-2
-2
-2
-2
-2
-2
-2
-2
-2
-2
-2
-2
-2
-2
-2
-2
-2
-2
-2
-2
-2
-2
-2
-2
-2
-2
-2
-2
-2
-2
-2
-2
-2
-2
-2
-2
-2
-2
-2
-2
-2
-2
-2
-2
-2
-2
-2
-2
-2
-2
-2
-2
-2
-2
-2
-2
-2
-2
-2
-2
-2
-2
-2
-2
-2
-2
-2
-2
-2
-1
-1
-1
-1
-2
-2
-2
-2
-2
-2
-1
-1
-1
-1
-1
-1
-1
-1
-1
-1
-1
-1
-1
-1
-1
-1
-1
-1
-1
-1
-1
-1
-1
-1
-1
-1
-1
-1
-1
-1
-1
-2
-2
-2
-2
-2
-2
-2
-2
-2
-2
-2
-2
-2
-2
-2
-2
-2
-2
-2
-2
-2
-2
-2
-2
-2
-2
-2
-2
-3
-3
-3
-3
-3
-3
-3
-3
-3
-3
-3
-3
-3
-3
-4
-3
-3
-3
-3
-3
-3
-3
-3
-3
-3
-3
-3
-3
-3
-3
-3
-3
-3
-3
-3
-3
-3
-3
-3
-2
-2
-2
-2
-2
-2
-2
-2
-2
-2
-3
-3
-3
-3
-3
-3
-3
-4
-4
-4
-4
-4
-4
-4
-4
-4
-4
-4
4
4
4
4
-5
-14
-23
19
10
1
1
1
1
1
1
1
1
1
1
1
1
1
1
1
1
1
1
1
1
1
1
1
1
1
1
1
1
2
2
3
3
3
3
3
4
4
4
4
4
4
4
4
4
4
4
4
3
3
3
3
3
3
3
3
4
4
4
4
4
4
4
4
3
3
3
3
2
2
2
2
2
2
2
2
3
2
2
2
2
2
2
2
2
2
2
2
2
2
2
2
2
2
2
-7
3
3
3
3
3
3
3
3
4
4
4
5
-4
-4
-13
-22
-31
-40
48
39
30
21
12
3
4
4
-5
4
4
4
4
-5
-14
-23
-32
37
28
19
9
0
1
1
1
1
1
1
1
1
1
1
1
0
0
0
0
1
1
1
1
1
1
1
0
1
1
0
0
0
0
0
0
0
-1
-1
-1
-1
-1
-1
-1
-1
-1
-1
9
0
0
0
0
0
0
0
0
0
0
0
0
0
-1
0
-1
-1
-1
-1
-1
-1
0
-1
-1
-1
-1
-1
8
-1
-1
-1
-1
-1
-1
-1
-1
-1
-1
-1
-1
0
-1
0
0
0
0
8
-1
-1
-1
-1
-1
-1
-1
-1
-1
-1
-1
-1
-1
-1
-1
-1
-1
-1
-1
-1
0
9
0
-1
-1
-1
-1
-1
-1
-1
-1
-1
-1
0
0
0
-1
8
-1
-1
-1
-1
-1
-1
-2
-2
-2
7
-2
-2
-2
-2
-1
-2
-2
-1
-1
-1
-1
-1
-1
-1
-1
-1
-1
-1
-1
-2
-2
-2
-3
-3
-3
-3
-3
-2
-2
-2
-2
-2
-2
-2
-2
-2
-2
-2
-2
-2
-2
-2
-2
-2
-2
-2
-2
-2
-2
-2
-2
-2
-2
-2
-2
-2
-2
-2
-2
-2
-2
-1
-1
-1
-1
-1
-1
-1
-1
-1
-1
-1
-1
-1
-2
-2
-2
-2
-2
-1
-1
-1
-2
-1
-1
-1
-1
-1
-1
-1
-1
-1
-1
-1
-1
-10
17
8
-1
-1
-1
-1
-1
-1
-1
-1
-1
-1
-1
-1
-1
-2
-2
-2
-2
-2
-2
-2
-2
-2
-2
-2
-2
-2
7
-2
-2
-2
-2
-2
-2
-2
-2
-2
-2
-2
-2
-2
-2
-2
-2
-2
-2
-2
-1
-2
-2
8
-1
-1
-1
-1
-1
-1
-1
-2
-2
-2
-2
-1
-1
7
-2
-2
-2
-1
-2
-1
-1
-2
-2
-2
-2
-2
-2
-2
-2
-2
-2
-2
-2
-2
-2
-2
-2
-2
-2
-2
-2
-2
-2
-2
-2
-2
-2
-2
-2
-2
-2
-2
-2
-2
-2
-2
-2
-1
-2
-1
-1
-1
-1
-1
-1
-1
-1
-1
-1
-1
-1
-1
-1
-2
-2
-2
-2
-2
-2
-2
-2
-2
-2
8
-1
-1
-1
-1
-1
-1
-1
-1
-1
-1
-1
-1
-1
-1
-1
-1
-1
-1
-1
-1
-1
-1
-1
-1
-1
-1
-1
-1
-1
-1
-1
-1
-1
-1
-1
-1
-1
-1
-1
-1
-1
0
0
0
-1
0
0
0
0
0
0
0
0
0
0
0
0
0
0
0
0
0
0
0
0
0
0
0
0
0
0
0
0
0
0
0
0
0
0
0
0
0
0
0
0
0
0
0
0
0
0
0
0
0
0
0
0
0
0
0
0
0
0
0
0
0
0
0
0
0
0
0
0
0
0
0
0
0
0
1
1
1
1
1
1
1
1
1
1
1
1
1
1
1
1
1
-8
0
0
0
0
1
0
0
0
0
0
0
0
0
1
1
1
1
1
0
0
0
0
0
0
0
0
0
0
0
0
0
0
0
0
0
0
0
0
0
0
0
0
0
0
0
0
0
0
0
0
0
0
0
-1
0
0
0
0
0
0
0
0
0
0
0
0
0
0
0
0
0
0
0
0
0
0
0
0
0
0
0
0
0
0
0
0
0
0
0
0
0
1
1
1
0
0
0
0
0
0
0
0
0
0
-9
1
1
1
1
1
1
1
1
1
1
1
1
1
1
1
1
1
1
1
1
1
1
1
1
1
1
1
1
1
1
1
1
1
1
1
1
1
1
1
1
0
0
0
0
0
0
0
0
0
0
-3
-4
-4
-4
-4
-4
-4
-4
-4
-4
-4
-4
-4
-4
-4
-4
-4
-4
-4
-4
3
4
4
4
4
3
3
3
3
3
4
4
4
4
4
-4
-4
-4
-4
-4
-4
-4
4
4
4
-4
-4
-4
-4
-4
-4
7
-3
-3
-3
-3
-3
-3
-3
-3
6
-3
-3
-3
-3
-2
-2
-3
-2
-2
-2
-2
-2
-1
-10
-19
-28
-38
-47
-56
-65
-74
-83
-92
-101
-110
-119
-127
-137
-146
-155
-164
164
155
146
137
128
119
110
101
92
83
74
65
56
47
38
29
20
11
2
-7
2
2
2
2
2
-7
3
2
2
2
2
2
2
2
2
2
2
2
2
2
2
2
2
2
2
2
2
2
2
2
2
2
2
2
3
2
2
2
2
2
2
2
2
2
2
2
2
2
2
2
2
2
2
2
2
2
2
2
2
2
2
2
2
2
2
2
2
2
2
3
3
2
3
2
2
2
2
2
2
2
2
2
2
2
2
2
2
2
2
2
3
2
3
2
3
3
3
2
3
3
3
3
3
3
3
3
3
3
3
3
3
3
3
3
4
4
4
4
4
4
4
4
4
4
-4
4
4
5
-4
-4
-4
-4
-4
-4
-4
-4
-4
-4
-4
5
-4
-4
-4
-4
13
4
4
5
4
4
4
5
4
4
4
4
4
4
4
-4
4
-4
4
-4
4
-4
-4
4
4
4
4
4
4
4
4
4
4
4
4
4
-4
-4
-4
-4
-3
-3
-4
-3
-4
-4
-3
-3
-3
-3
-3
-3
-3
-3
-3
-3
-3
-3
5
-4
5
4
-4
4
4
4
5
-4
-4
-4
-4
-4
-4
-4
-4
-4
-4
-4
-4
4
4
4
4
4
4
4
4
4
4
4
4
3
0
0
0
0
0
0
-1
-1
-1
1
1
1
0
1
1
1
0
0
-1
0
1
0
0
0
1
0
1
0
1
1
1
0
0
0
1
0
0
0
0
0
0
0
0
0
1
1
1
1
1
1
-8
9
0
1
1
1
1
0
1
1
1
2
2
2
2
-7
-16
10
1
1
1
-8
10
2
1
2
2
1
1
2
1
1
1
1
1
-8
1
1
1
1
1
1
1
1
1
2
2
2
2
3
3
3
-7
4
4
3
4
4
4
4
4
4
5
-4
-13
-22
-31
-40
-49
-58
-67
-76
84
76
67
58
48
-32
-41
-50
-59
56
47
38
29
10
2
1
1
1
-24
-43
-52
-61
66
56
47
38
29
20
11
3
2
3
3
3
3
3
4
-5
-14
-23
-33
21
12
2
-7
-16
-25
-34
-43
-52
-61
-70
-79
-88
-97
-106
-115
-125
-133
138
129
120
111
4
4
4
4
-5
5
-4
4
4
4
4
4
4
4
4
4
4
4
4
4
4
4
4
4
4
4
-5
4
4
4
4
-5
5
4
4
4
4
4
4
4
4
4
4
4
4
4
4
4
4
4
4
4
4
4
4
4
4
4
4
4
4
4
4
204
-1
-1
-73
-82
-91
-100
-109
-118
-127
-136
-145
-154
-163
-172
-181
-190
-199
-208
-217
-226
226
217
208
199
190
181
172
163
154
145
136
127
119
109
100
91
82
73
64
55
46
37
28
19
10
1
1
2
2
2
2
2
2
2
3
3
-5
-14
-33
-42
-104
-113
111
102
93
84
75
66
57
48
39
30
21
12
3
-6
3
-6
-15
-24
-33
-42
-51
-60
-69
65
56
47
37
29
20
11
2
2
2
2
2
2
2
2
3
2
2
2
2
2
2
2
3
2
-8
-26
18
9
0
0
2
-7
0
1
1
1
1
1
1
1
1
1
1
1
1
1
-8
9
0
0
0
0
0
-1
0
0
-1
-1
0
-1
-1
-1
0
-1
-1
0
1
1
1
0
0
0
0
0
0
1
1
1
1
1
1
1
1
1
1
1
-8
1
0
1
1
2
1
1
1
1
1
1
1
1
2
1
1
1
1
1
1
2
-8
1
1
2
1
1
1
1
1
2
1
1
1
1
1
1
1
2
2
2
2
2
2
2
2
2
2
2
2
2
2
2
2
2
2
2
2
1
2
2
2
1
1
1
1
1
1
0
1
1
1
1
-8
10
1
2
1
-7
2
2
-7
1
1
1
1
1
1
1
1
1
1
1
1
1
1
1
1
0
9
0
-9
9
0
-1
-1
-1
-1
-1
-1
-1
-1
-1
0
-1
0
-1
-1
-1
-1
-1
-1
-1
-1
-1
-1
-1
-1
-1
-1
-1
-1
-1
-1
-1
-1
-1
-1
-1
-1
-1
-1
-1
-1
-1
-1
-1
0
-1
-1
-1
-2
0
-3
588
173
108
37
-6
2
-7
11
2
2
2
2
2
2
2
2
2
2
2
-7
-7
3
3
3
3
3
3
-23
-32
3
-113
-122
-131
-140
-149
-158
-167
-176
-239
-248
-257
-266
-275
-284
-293
-302
-311
-320
-329
-338
-348
-356
-365
-501
-644
973
-17311
54582
-3
-3
-3
-3
-4
-4
-3
-3
-3
-3
-3
-3
-3
-3
-3
-3
-3
-3
-3
-3
-3
-3
-3
-3
-3
-3
-3
-3
-3
-3
-4
-4
-4
-4
-4
0
0
-1
-1
-1
-1
-1
-1
-1
-1
-1
-2
-2
-2
-2
-2
-2
-2
-2
-2
-2
-2
-2
-2
-2
-2
-2
-2
-2
-2
-2
-2
-2
-2
-2
-2
-2
-2
-2
-2
-2
-2
-2
-2
-2
-2
-2
-2
-2
8
-1
-2
-2
-2
-2
-2
-2
-2
-3
-4
-4
-4
-4
-4
-4
-4
-4
-3
-4
-4
-4
-4
-4
-1
-1
-1
-1
-1
-1
-1
-1
-1
-1
-1
-1
-1
-1
-2
-2
-2
-2
-2
-2
-2
-2
-2
-2
-2
-2
-2
-2
-2
-2
-2
-2
-2
-2
-2
-2
-2
-2
-2
-2
-2
-2
-2
-2
-2
-2
-2
-2
-2
-2
-3
-2
-3
-3
6
-3
-3
-3
-3
-3
-2
-3
-2
-2
-2
-3
-3
-2
-2
-3
-2
-2
-2
-2
-2
-2
-2
-2
-2
-2
-2
-2
-2
-2
-2
-2
-2
-2
-2
-2
-2
-2
-2
-2
-2
-2
-2
-2
-2
-2
-3
-3
-3
-3
-3
-3
-3
-3
-3
-3
-3
-3
-3
-3
-3
-2
-2
-2
-2
-2
-2
-2
-2
-3
-2
-2
-2
-2
-2
-2
-2
-2
-2
-2
-2
-2
-2
-2
-2
-2
-2
-2
-2
-2
-2
-2
-2
-2
-2
-2
-2
-2
-2
-2
-2
-2
-2
-2
-2
-2
-2
-2
-2
-2
-2
-2
-2
-2
-2
-2
-2
-2
-2
-2
-2
-2
-2
-2
-3
-3
-3
-3
-3
-3
-3
-3
-3
-3
-3
-3
-3
-3
-3
-3
-3
-3
-3
-3
-3
-3
-3
-3
-3
-3
-3
-3
-3
-3
-3
-3
-3
-3
-3
-3
-3
-3
-3
-3
-3
-3
-3
-3
-3
-3
-3
-3
-3
-3
-3
-3
-3
-3
-3
-3
-3
-3
-3
-3
-3
-3
-3
-3
-3
-3
-3
-3
-3
-3
-3
-3
-3
-3
-3
-3
-3
-3
-3
-3
-3
-3
-3
-3
-3
-3
-3
-3
-3
-3
-3
-3
-3
-3
-3
-3
-3
-3
-3
-3
-3
-3
-3
-3
-3
-3
-3
-3
-3
-3
-3
-3
-3
-3
-3
-3
-2
-2
-2
-2
-2
-2
-2
-2
-2
-2
-2
-2
-2
-2
-2
-1
-1
-1
-2
-2
-2
-2
-2
-1
-1
-1
-1
-1
-1
-2
-2
-2
-2
-2
-2
-2
-2
-2
-2
-2
-2
-2
-2
-3
-3
-3
-3
-3
-3
-3
-3
-3
-3
-3
-3
-3
-3
-3
-3
-3
-3
-3
-3
-3
-3
-3
-3
-3
-3
-3
-3
-3
-3
-3
-2
-2
-2
-2
-2
-2
-2
-2
-2
-3
-3
-3
-3
-3
-3
-3
-3
-3
-2
-2
-2
-2
-2
-2
-1
-1
-1
-1
-1
-1
-1
-1
-1
-1
-1
-1
-1
-1
-2
-2
-2
-2
-2
-2
-2
-2
-2
-2
-2
-4
-4
-4
-4
-4
-4
-4
-4
-4
-3
-3
-3
-3
-3
-3
-2
-3
-3
-3
-3
-3
-3
-3
-3
-3
-3
-3
-3
-3
7
-2
-2
-2
-2
-2
-2
-3
-3
-3
-3
-2
-2
-2
-2
-2
-2
-2
-2
-2
-2
-2
-2
-2
-2
-2
-2
-2
-2
-2
-2
-2
-2
-2
-2
-2
-2
-2
-2
-2
-2
-2
-2
-2
-2
-2
-2
-3
-2
-2
-2
-2
-2
-2
-2
-1
-1
-1
-1
-1
-1
-1
-1
-1
-1
-1
-1
-1
0
-1
-1
-1
-2
0
-1
0
0
0
0
-1
-1
-1
-1
-1
-1
-1
-1
-1
-1
-1
-1
-1
-1
-1
-1
-1
-1
-1
-1
-1
-1
-2
-2
-2
-2
-2
-2
-2
-2
-2
-2
-2
-1
-1
-1
-1
-1
-1
1
1
1
1
1
1
1
1
1
1
1
1
1
1
1
1
1
1
1
1
1
1
1
1
1
0
0
0
0
0
0
0
0
0
0
0
0
0
0
0
0
0
0
0
1
1
2
2
2
2
2
2
2
2
2
2
2
2
2
2
2
2
2
2
2
2
2
2
2
2
2
1
1
1
1
1
0
0
0
0
1
1
1
1
1
1
1
1
1
1
1
1
1
1
1
1
1
1
1
1
1
1
1
1
1
0
0
0
0
0
1
1
1
1
1
1
1
1
1
1
1
1
1
1
1
1
1
1
1
1
1
1
1
1
1
1
1
1
1
1
2
2
1
1
1
1
1
1
1
1
1
1
1
1
1
2
1
2
2
-7
3
3
3
3
3
-6
-15
-24
18
9
0
0
0
0
0
0
0
0
-9
1
1
1
1
1
1
1
1
1
1
1
1
1
1
1
1
1
1
1
2
2
2
2
2
2
2
2
-7
-16
-25
18
9
0
0
1
1
1
1
1
1
1
2
2
2
2
2
2
2
2
2
2
2
2
2
3
3
3
3
3
3
3
3
3
3
3
3
3
3
3
3
3
3
3
3
3
3
4
4
4
4
3
3
3
3
3
3
3
4
4
4
4
4
4
4
4
4
4
4
4
4
4
4
4
4
4
4
4
4
4
4
4
3
3
3
3
3
3
3
3
3
3
3
3
3
3
4
-5
5
-4
-4
-4
-4
-4
-4
-4
-4
-4
4
4
5
-4
5
-4
-4
-4
-4
-4
-4
-4
-4
-4
-4
-4
-4
-13
-22
21
12
3
3
3
3
3
3
3
4
4
4
4
4
4
4
4
4
4
4
4
4
4
4
5
4
4
4
4
4
4
5
-4
-4
-4
-4
-4
-3
-3
-3
-3
-3
-3
-3
7
-2
-2
-2
-2
-2
-2
-2
-2
-2
-2
-2
-2
7
-2
-2
-2
-2
-2
-2
-2
-2
-2
-2
-2
-2
-2
-2
-2
-2
-2
-2
-2
-2
-2
-1
-1
-1
-1
-1
-1
-1
-1
0
-1
-10
-19
-28
-37
-46
-55
61
52
43
34
25
16
7
-2
-2
-2
-2
-2
-2
-2
-2
7
-2
-2
-2
-2
-2
-2
-2
-1
-1
-1
-1
-1
-1
-1
-1
9
0
0
0
0
0
-1
-3
-1
-2
-2
-2
-2
-1
-2
-2
-2
1
2
2
2
1
1
1
1
1
1
1
1
1
1
0
0
0
0
0
0
0
0
0
0
0
0
0
0
0
0
1
1
1
1
1
1
1
0
9
0
0
0
0
0
0
0
0
2
2
2
-7
1
1
1
1
1
1
1
1
1
1
1
1
1
1
2
2
2
2
2
2
2
2
2
2
2
2
2
2
2
2
2
2
2
2
2
1
1
1
1
1
-8
2
1
1
1
2
2
2
2
2
1
2
1
1
1
1
1
1
1
1
1
1
1
1
1
1
1
1
1
1
1
1
1
1
3
3
2
-7
3
3
3
3
3
3
3
3
3
3
3
3
3
3
3
3
3
3
3
3
3
3
3
-6
3
3
3
4
4
4
4
3
3
4
3
3
4
4
4
3
-6
4
4
4
4
4
4
4
4
4
4
4
4
4
4
4
4
4
3
3
3
3
3
3
3
3
3
3
3
3
3
3
3
3
3
3
4
3
4
3
3
3
3
3
3
3
3
3
3
3
3
3
3
3
3
3
3
3
3
3
3
3
3
3
-6
4
4
4
4
4
4
4
4
4
4
4
4
4
4
4
4
4
4
4
4
4
4
4
4
4
4
4
4
4
3
3
3
3
3
3
3
3
3
3
3
3
3
3
3
3
3
3
3
3
3
3
3
3
3
3
3
3
3
3
3
3
3
3
3
3
3
3
3
3
3
3
3
3
3
3
3
3
3
4
3
3
3
3
3
3
3
3
3
3
3
3
3
3
3
3
3
3
3
3
3
3
3
3
3
3
3
3
3
3
3
3
3
3
3
3
-6
-15
20
11
2
1
2
1
2
2
2
2
2
2
2
-7
3
3
3
3
-6
4
4
4
4
4
4
-5
-14
-23
-32
39
30
21
12
3
4
4
4
4
4
4
-5
-14
-23
30
21
-12
5
-4
-4
-13
-22
-31
-40
-49
-58
-67
-76
-85
-95
-103
-113
-122
-131
-139
-148
-158
-175
-193
-202
-211
-220
-229
-238
-247
-256
-265
-274
-283
-292
-302
-310
-320
313
294
4
4
4
3
4
4
3
3
3
3
3
3
3
3
2
4
3
4
4
4
4
4
4
4
3
3
3
3
2
3
3
3
2
1
1
1
-8
2
2
2
2
1
3
2
2
2
1
2
2
2
1
2
1
1
2
1
1
1
1
1
1
2
2
2
2
1
1
1
1
2
1
1
1
1
1
1
0
0
0
0
0
0
0
0
0
0
-2
-2
-2
-2
-2
-2
-2
-2
-2
-2
-2
-4
-3
-3
-3
-3
-3
-3
-3
-3
-3
-3
5
-4
-4
-4
-4
-3
-3
-3
-3
-3
-3
-3
-3
-3
-3
4
1
-8
1
2
3
2
3
4
-3
-3
-3
-3
-3
5
-4
-4
-4
-4
-4
-4
-4
-4
-4
-4
-4
-4
-4
-4
-4
-4
-4
4
-4
-4
-4
-4
-4
-4
-4
-4
-4
-4
-4
-4
-4
-4
-4
-4
-4
-4
-4
-4
-4
-4
-4
-4
-4
-4
-4
-4
-4
-4
-4
-3
-3
-3
-3
-3
-3
-3
-3
-3
-3
-3
-4
-4
-4
-4
-4
-4
-4
-4
-4
-4
-4
-4
-4
-4
-4
-4
-4
-4
-4
-4
-4
-4
-4
-4
-4
-4
-4
-4
-4
-4
-4
-4
-3
-4
-4
-4
-3
-3
-3
-3
-3
-3
-3
-3
-3
-3
-3
-3
-3
-3
-3
-3
-3
-3
-3
-3
-3
-3
-3
-3
-3
-3
-3
-3
-3
-3
-3
-3
-3
-3
-3
-12
6
-3
-3
-2
7
-2
7
-2
-11
6
-3
-3
-3
-4
-3
-3
-4
-4
-3
-4
-3
-3
-3
-3
-4
-3
-4
-4
-4
-4
-4
-4
-3
-4
-4
-4
-3
-3
-3
-4
-3
-3
-3
-3
-3
-3
-3
-3
-3
-3
-3
-4
-4
-4
-4
-4
-4
-4
-4
-4
-4
-4
-4
-4
-4
-4
-4
-4
-4
-4
-4
-4
-4
-4
-4
-4
4
-4
-4
-4
-4
-4
-4
-4
-4
-4
-4
-4
-4
-4
-4
-4
-4
-4
-4
-4
-4
-4
-4
-4
-4
-4
-4
-4
-4
-4
-4
-4
-4
-4
-4
-4
-4
4
-4
-4
-4
-4
-4
-4
-4
4
4
4
-12
6
-3
-2
-3
-3
-3
-3
-3
-3
-2
-3
-3
6
-3
5
-3
-12
-21
-30
-39
-3
6
-3
6
-3
-3
-2
6
-3
-3
-3
-3
-3
-3
-3
-3
-3
-3
-2
-2
-2
-2
-2
-2
-2
-2
-2
-2
-2
-2
-2
-2
-3
-3
7
-2
-3
-3
7
-2
-2
-2
-2
-2
-2
-2
-2
-1
-1
-1
-1
-1
-2
7
-2
-2
-2
-2
-2
-2
-2
-2
-2
-520
-529
-538
-547
-556
-565
-574
-583
614
605
596
587
578
569
560
551
542
533
524
515
506
497
488
479
470
461
452
443
434
425
416
407
399
389
379
371
362
353
290
280
272
263
245
236
227
218
209
191
182
173
164
155
146
137
128
119
110
101
92
83
74
65
56
47
38
29
20
2
2
2
2
2
2
2
2
2
2
2
3
3
2
3
3
3
4
-4
-3
-4
-4
-4
-22
6
-83
-2
-2
-2
-2
-2
-2
-2
-2
-2
94778
-86
-3
-2
-3
-3
-3
-3
-3
-3
-3
-3
-3
-3
-3
-3
7
-2
-2
-2
-2
-2
-2
-3
-3
-3
-2
-3
-12
6
-3
-4
-3
5
-4
4
4
4
-1
-1
-1
-1
-1
0
-1
-2
-2
-2
-2
-2
-2
-2
-2
-2
-2
-2
-2
-2
-2
-2
-2
-2
-2
-2
-2
-2
-2
-2
-2
-2
-2
-2
-3
-3
-3
-3
-3
-2
-3
-2
-2
-2
-2
-2
-2
-2
-2
-2
7
-1
-1
7
-2
-2
-2
-3
-3
-3
-3
-3
-3
-3
-3
-3
-3
-3
-2
-2
-3
-2
-2
-2
-1
-1
-1
-1
-1
-1
0
-1
0
0
-1
-1
-1
-1
-1
-1
-1
-1
-1
-1
-1
-1
-1
-1
-1
-1
-1
-1
-1
-1
-1
-1
-1
-1
-1
-1
-1
-1
-1
-1
-1
-1
-1
-1
-1
-1
-1
-1
-1
-1
-2
-2
-2
-2
-2
-2
-2
-2
-2
-2
-2
-2
-2
-2
-2
-2
-2
-1
-1
-1
-1
-2
-1
-1
-1
-1
-1
-1
-1
-1
-1
-1
-1
-1
-1
-1
-1
-1
-1
-1
-1
-1
-1
-1
-2
-2
-2
-2
-2
-2
-2
-2
-2
-2
-2
-2
-2
-2
-2
-2
-2
-2
-2
-2
-2
-2
-2
-2
-2
-2
-2
-2
-2
-2
-2
-2
-2
-2
-2
-2
-1
-1
-1
-1
-2
-1
-1
-1
-1
-1
-1
-1
-1
-1
-1
-1
-1
-1
-1
-1
-1
-1
-1
-1
-2
-2
-2
-2
-2
-2
-2
-2
-2
-2
-1
-1
-1
-1
-1
-1
-1
-1
-1
-1
-1
-1
-1
-1
-1
7
-2
-2
-2
-2
-2
-2
-2
-2
-2
-2
-2
-2
-2
-2
-2
-2
-2
-2
-1
-2
-2
-1
-1
-1
-1
-1
-1
-1
-1
-1
-1
-2
-2
-2
-2
-2
-2
-2
-1
-1
-1
-1
-1
-1
-1
-1
-1
-1
-1
-1
-1
-1
-1
-1
-1
-1
-1
-1
-1
-1
-1
-1
-1
-1
-1
-1
-1
-1
-1
-1
-1
-1
-1
-1
-1
-1
-1
-1
-1
-1
-1
-1
-1
-1
-1
-1
-1
-1
-1
-1
-1
-1
-1
-1
-1
-1
-1
-1
-1
-1
-1
-1
-1
-1
-1
-1
-1
-1
-1
-1
-1
-1
-1
-1
-1
-1
-1
-1
-1
-1
-1
-1
-1
-1
-1
-1
-1
-1
-1
-1
0
0
0
0
0
0
0
0
0
0
0
0
-1
-1
-1
-1
-1
-1
-1
-1
-1
-1
-1
-1
-1
-1
-1
-1
-1
-1
-1
-1
-1
-1
-1
-1
-1
-1
-1
-1
-1
-1
-1
-1
-1
-1
-1
-1
-1
-1
-1
-1
-1
0
0
0
0
0
-1
-1
-1
-1
-1
-1
-1
-1
-1
-1
-1
-1
-1
-1
-1
-1
-1
-1
-1
-1
-1
-1
-1
-1
-1
-1
-1
-1
-1
-1
-1
-1
-1
-1
-1
-2
-2
-2
-2
-2
-3
-3
-3
-3
-3
-3
-3
-3
-3
-4
-4
-4
-4
-4
4
0
0
0
0
-1
0
0
0
0
0
1
0
0
0
0
0
1
1
1
1
1
1
1
1
0
0
0
0
0
1
0
0
0
0
0
0
8
-1
-1
-1
-1
-1
-1
0
0
0
0
0
0
0
0
0
0
0
0
0
0
0
0
0
0
1
1
1
2
2
2
2
2
1
2
1
1
1
1
1
1
1
1
1
1
1
1
1
1
1
1
1
1
1
1
1
0
0
0
0
0
0
-1
-1
-1
-1
-1
-1
-1
-1
-1
-1
-1
-1
-2
-2
-1
-2
-2
-2
-2
-3
-2
-3
-2
-2
-3
-3
-4
-4
4
3
3
3
3
2
2
2
2
2
2
2
2
2
2
2
2
2
2
2
2
2
2
2
1
1
1
1
1
2
2
2
2
2
2
2
2
2
2
2
2
2
2
2
2
2
2
2
2
2
2
2
2
2
2
2
3
3
3
3
3
3
3
3
3
2
2
2
2
2
2
2
2
2
2
2
2
2
2
2
2
2
2
2
2
2
2
2
2
2
2
2
2
2
2
2
2
2
2
2
2
2
2
2
3
2
2
2
2
2
2
2
2
2
2
2
2
2
2
2
2
2
2
2
2
2
2
2
2
2
2
2
2
2
2
2
2
2
2
2
2
2
2
2
2
2
2
2
2
2
2
2
2
2
2
2
2
2
2
1
1
1
1
2
2
2
2
2
2
2
2
2
2
2
2
2
2
1
1
1
1
1
1
1
1
1
1
1
1
1
1
1
1
1
1
1
1
1
1
1
1
1
1
1
1
1
1
1
1
2
2
2
3
2
3
3
2
3
3
3
3
3
3
3
3
3
3
4
3
4
4
3
3
3
3
3
3
3
3
3
3
4
3
3
3
4
4
4
4
4
4
5
-4
5
-4
-4
-4
-4
-4
-4
-4
-4
-4
-4
-4
-4
-4
-4
-4
-3
-4
-4
-4
-4
-4
-4
-4
-4
-4
-4
-4
-4
-4
-4
-4
-4
-4
-4
-4
-4
-4
-4
-4
-4
-4
-4
-4
-4
-4
-4
-4
-4
-4
-4
-4
-4
-4
-4
-4
-4
-3
-3
-3
-4
-4
6
-3
-3
-3
-3
-3
-3
-3
-3
-3
-3
-3
-3
-3
-3
-3
-3
-3
-3
-3
-3
-3
-2
-2
-2
-2
-3
-3
-3
-3
-3
-3
-3
-3
-3
-3
-3
-3
-3
-3
-3
-3
-3
-3
-3
-3
-3
-3
-3
-3
-3
-3
-3
-3
-3
-3
-3
-3
-3
-3
-3
-3
-3
-3
-3
-3
-3
-3
-3
-3
-3
-3
-3
-3
-3
-3
-3
-3
-3
-3
-3
-3
-3
-3
-3
-3
-3
-3
-3
-3
-3
-3
-2
-2
-2
-2
-2
-2
-2
-2
-2
-2
-2
-2
-2
-2
-1
-1
-1
-1
-1
-1
-1
-1
-1
-1
-1
-1
-1
-1
-1
-1
-1
-1
-1
-1
-1
-1
-1
-1
-1
-1
-1
-1
-1
-1
-1
-2
-2
-2
-2
-2
-2
-2
-2
-2
-2
-2
-2
-2
-2
-2
-2
-2
-2
-2
-2
-2
-2
-2
-2
-2
-2
-2
-2
-2
-2
-2
-2
-2
-2
-2
-2
-2
-2
-2
-2
-2
-2
-2
-2
-2
-2
-2
-2
-2
-2
-2
-2
-2
-2
-2
-2
-2
-2
-2
-2
-2
-2
-2
-2
-1
-1
-1
-1
-1
-1
-1
-1
-1
-2
-1
-1
-1
-1
-1
-1
-1
-1
-1
-1
-1
-1
-1
-1
-1
-1
-1
-1
-1
-1
-1
-1
-1
-1
-1
-1
-2
-2
-2
-2
-2
-2
-2
-2
-2
-2
-2
-2
-2
-2
-2
-2
-2
-2
-2
-2
-2
-2
-2
-2
-2
-2
-2
-2
-2
-2
-2
-2
-2
-2
-2
-2
-1
-2
-2
-2
-2
-2
-2
-2
-2
-2
-2
-2
-2
-2
-2
-2
-3
-3
-3
-3
-3
-3
-3
-3
-3
-3
-3
-2
-3
-3
-3
-2
-2
-2
-2
-3
-3
-3
-3
-3
-3
-3
-3
-3
-3
-3
-3
-3
-3
-3
-3
-3
-3
-3
-3
-3
-3
-3
-3
-3
-3
6
-3
-3
-3
-3
-3
-3
-2
-3
-3
-3
-3
-3
-2
-2
-2
-2
-2
-2
-2
-2
-2
-2
-2
-2
-2
-2
-2
-3
-3
-3
-3
-3
-3
-3
-3
-3
-3
-3
-3
-3
-3
-3
-3
-3
-3
-3
-3
-3
-3
-3
-3
-3
-3
-3
-3
-3
-3
-3
-3
-3
-3
-2
-3
-3
-3
-3
-4
-3
-3
-3
-3
-3
-4
-3
-3
-3
-3
-1
-1
-1
-1
3
3
3
3
3
3
2
2
2
2
2
3
3
3
2
3
3
3
3
3
3
3
3
3
3
3
3
3
3
3
3
3
3
3
3
3
3
3
3
3
3
3
3
3
3
3
3
3
3
4
4
3
3
3
-6
2
3
-6
3
3
3
-6
2
-7
3
3
2
3
2
2
2
2
-7
1
1
1
1
1
1
1
1
2
1
1
1
1
2
2
2
3
3
-6
4
4
-5
-14
-23
-32
-41
-50
-59
-68
74
65
56
47
38
29
20
11
2
2
2
3
3
3
4
3
4
5
-4
-4
-4
-4
-4
-13
14
5
-4
-4
-4
-4
-4
-4
-3
-4
-3
-3
-3
-3
-3
-3
-3
-3
-3
-3
-3
-3
-3
-3
-3
-3
-3
-3
-3
-3
-3
-2
-2
-2
-2
-2
-2
-2
-2
-2
-3
-3
-3
-3
-3
-3
-3
-4
-3
-3
-3
-3
-4
-4
-4
-4
-4
-4
-4
-4
-4
-3
4
4
4
4
4
4
4
4
3
3
3
3
2
3
3
4
4
4
4
3
2
2
2
1
2
2
1
1
1
1
2
1
1
1
1
1
1
1
1
1
1
1
1
1
1
1
1
-7
1
1
0
1
1
1
1
1
1
1
1
1
1
1
1
1
1
1
1
1
1
1
1
1
1
1
1
1
1
1
-9
9
0
-1
8
-1
-1
-1
-2
0
-2
-2
-2
-2
-2
-2
-3
-3
-2
-2
-2
-2
-3
-3
-3
-3
-4
-3
-3
6
-3
6
-3
-3
-3
-3
-3
-3
-3
-3
-3
-3
-3
-3
-3
-3
-3
-3
-3
-3
-3
-3
-3
-3
-3
-3
-3
-3
-3
-3
-2
-2
-1
4
5
-4
-4
-4
-4
4
-4
-4
-3
-4
-4
-4
-4
-4
-4
-4
-4
-4
-4
-4
-4
-4
-4
-4
-4
-4
-4
-4
-4
-4
-4
-4
-4
-4
-4
-4
-4
-4
-4
-4
-4
-4
-4
-4
-4
13
4
4
4
4
4
-5
4
-5
14
4
4
4
4
4
4
4
4
4
4
4
4
4
4
4
4
4
4
4
4
4
4
4
4
4
5
4
4
4
4
4
4
4
4
4
4
-4
4
4
4
4
4
4
4
4
4
4
4
4
4
5
4
4
4
4
4
5
3
4
4
4
4
4
4
4
3
3
3
4
3
4
-5
3
-6
12
3
3
3
3
3
3
3
3
3
3
3
3
3
3
3
4
3
3
3
-5
-15
-23
-33
-42
38
30
21
12
3
-6
3
3
3
3
3
3
3
3
3
3
3
-6
4
4
4
4
3
3
4
3
4
4
4
-5
4
4
4
4
4
4
4
4
4
4
4
4
2
3
3
3
4
4
3
4
4
4
4
4
4
4
4
4
4
4
4
4
4
4
4
4
4
4
4
4
4
4
4
4
4
4
4
4
-5
3
3
4
-5
4
4
4
4
4
4
4
4
4
4
4
4
4
4
4
4
4
4
4
4
4
4
4
4
4
4
4
4
4
4
4
4
4
4
4
4
4
4
4
4
3
4
4
4
4
4
4
4
3
4
4
4
4
3
4
4
4
4
4
4
3
-6
-15
3
2
3
3
3
3
3
3
3
3
3
3
3
3
2
2
3
3
3
3
3
3
3
2
3
3
3
3
2
2
2
2
2
3
2
3
3
3
2
3
3
3
3
3
3
3
3
4
3
3
3
3
3
3
3
3
3
3
3
3
3
3
3
3
3
3
3
3
3
3
3
3
3
3
3
3
3
3
3
3
3
3
3
3
3
3
3
3
3
3
3
3
3
3
3
3
3
3
4
4
4
4
4
4
4
4
4
3
4
4
3
3
3
3
3
3
4
3
3
3
3
3
3
3
3
4
3
3
3
3
3
3
3
3
3
3
3
4
4
4
4
4
5
4
5
-4
4
-4
-4
-4
-4
-4
-4
4
-4
4
-4
-4
-4
-4
-4
-4
-4
4
-4
-4
-4
-4
-4
-4
-4
-4
-4
-4
-4
-4
4
-4
-4
-4
-4
-3
-4
-4
-4
-4
-4
-4
4
-4
-4
-4
-4
-4
-4
-4
-4
-4
-4
-4
-4
-4
-4
-4
-4
-4
-4
-4
-4
-4
-4
-4
-4
-4
-4
-4
5
-4
-4
-3
-4
5
-4
-3
-4
-4
-4
-3
6
-3
-3
7
-2
-11
-20
-29
-38
-47
-56
-65
-83
-92
-101
-110
-119
-128
-146
-156
-164
-173
-182
-191
-200
198
189
180
171
162
153
144
135
126
117
107
99
90
81
72
63
54
45
36
27
18
9
0
-9
-18
-27
-36
-45
-54
-63
55
46
37
28
19
10
1
1
0
1
1
1
1
1
1
1
1
1
-8
-17
-26
-35
-44
-53
-62
-80
-89
-98
-116
117
108
99
91
81
72
63
54
45
36
27
18
9
1
0
0
0
-1
25
3
3
3
3
3
3
4
3
3
4
3
2
3
3
4
3
4
4
4
4
4
4
4
4
3
4
3
4
3
3
3
3
3
3
3
3
3
3
3
3
3
3
3
3
3
3
3
3
3
3
4
4
4
4
4
4
4
4
4
4
4
4
4
4
4
4
4
4
4
4
4
4
4
4
4
4
4
4
4
4
4
4
4
4
4
4
3
3
3
3
4
4
3
3
4
4
4
4
4
4
-5
4
4
4
4
4
4
4
4
4
4
4
3
4
4
-5
4
4
4
4
-5
4
4
4
4
4
4
4
4
4
4
4
4
4
4
4
4
4
4
4
4
4
4
4
4
-5
4
4
4
4
4
3
3
4
4
4
4
3
4
4
4
4
4
4
3
3
3
4
3
3
3
3
3
3
-7
3
3
3
-6
3
2
3
3
4
2
3
3
3
3
3
3
3
3
3
3
3
3
3
3
3
3
3
3
2
3
3
3
3
3
3
-6
3
4
4
-5
13
4
3
-6
-15
13
4
-6
-14
-23
-41
-50
-68
-105
-158
-91
44
35
26
16
8
-73
8
-10
-36
-46
-55
-64
-73
-82
-91
-118
-127
144
126
108
90
81
72
63
27
19
0
0
0
1
1
0
1
0
1
2
0
1
1
1
1
-8
1
0
1
1
0
-9
-27
-17
8
-1
-10
-9
-18
27
-503
-945
70
-62938
