7
-3
-2
-2
-2
-3
-3
-3
-3
-3
-2
-2
-3
-3
-2
-2
-2
-2
-2
-2
-2
-2
-2
-2
-2
-2
-2
-2
-2
-3
-3
-1
-1
-1
-1
-1
-1
-1
0
-1
0
-1
-1
-1
-1
-1
-1
-1
-1
-1
-1
0
0
0
0
0
-1
-1
0
0
0
0
0
0
0
0
0
0
1
1
1
1
1
1
1
1
1
1
1
1
0
0
0
0
0
-1
-1
0
9
0
0
0
0
0
0
0
0
0
0
0
0
0
0
0
0
0
1
0
0
0
0
0
0
0
0
1
1
1
1
1
1
1
1
1
1
1
1
1
1
1
1
1
1
1
1
1
1
1
1
1
1
1
1
1
2
2
2
2
2
2
2
2
2
2
1
1
1
1
1
1
1
1
1
1
1
1
1
1
1
1
1
1
1
1
1
1
1
1
1
1
1
1
1
1
1
1
1
1
1
1
1
1
1
1
1
1
0
1
1
1
1
1
1
1
1
1
1
1
1
1
1
1
1
1
1
1
1
1
1
1
1
1
1
1
1
1
1
1
1
1
1
-8
1
1
1
1
1
1
1
1
1
1
1
1
1
1
1
0
1
-8
0
-9
1
1
1
1
1
1
1
1
1
1
1
1
1
1
1
1
1
1
1
1
1
1
1
1
1
1
1
1
1
1
1
1
1
1
1
1
1
1
1
1
1
1
1
1
1
1
1
1
1
2
1
1
1
1
2
1
1
1
1
1
1
1
1
1
1
1
2
2
2
2
1
1
1
1
2
1
1
1
1
1
1
1
-8
11
2
2
2
2
2
2
2
2
2
2
2
2
2
2
2
2
2
2
2
2
2
-7
1
1
1
1
1
1
1
1
1
1
1
1
1
1
1
1
1
1
1
1
1
1
1
1
1
1
1
1
1
1
1
1
1
1
1
1
1
1
1
1
1
1
1
1
1
2
2
2
2
2
2
2
2
2
2
2
2
2
2
2
2
2
2
2
2
2
2
2
2
2
2
2
2
2
2
2
2
2
3
3
3
3
3
3
3
2
2
2
2
2
2
2
2
2
2
2
2
3
-6
3
3
3
2
2
2
2
2
2
2
2
2
2
2
2
2
2
2
2
2
2
2
2
2
2
2
2
2
2
2
2
2
2
2
-7
13
4
-5
4
3
3
3
3
3
3
3
3
3
3
-6
3
2
2
2
2
2
2
2
2
2
2
2
3
3
3
3
4
4
4
5
-4
-4
-4
-4
-3
-4
-13
-22
-31
33
24
15
6
-3
6
-3
-2
-2
-2
-2
-2
-1
-1
-1
-1
9
1
0
1
1
1
2
2
-7
-16
-25
-34
-43
50
41
32
23
14
5
-4
-4
-4
-4
-4
-4
4
5
-4
-4
5
-4
-4
-4
-4
4
4
-4
4
4
4
4
4
4
4
4
4
3
3
3
3
3
3
4
3
4
4
4
4
4
3
3
-6
3
3
3
3
3
3
3
3
3
3
3
3
3
3
3
3
3
3
3
3
3
3
3
3
4
4
4
4
4
4
4
4
4
4
4
4
4
4
4
4
4
4
4
4
4
4
4
4
4
4
-4
4
4
-4
-4
-4
-4
4
4
4
4
4
4
4
4
4
4
4
4
4
4
4
4
-4
-4
4
4
4
4
4
4
3
3
3
2
2
4
-4
4
4
4
4
3
3
3
3
3
2
2
2
2
2
2
2
1
1
1
1
1
1
1
1
1
1
1
0
0
0
0
0
0
1
1
1
1
1
1
1
1
1
-8
0
0
0
1
0
-1
-1
-2
-2
-2
-2
-2
-2
-2
-2
-3
-2
-2
-2
-2
-2
-2
-2
-2
-2
-2
-2
-2
-2
-2
-2
-2
-2
-2
-2
-2
-2
-2
-2
-2
-2
-2
-2
-2
-2
-2
-2
-3
-3
-3
-3
-2
-2
-2
-3
-3
-3
-3
-3
-3
-3
-3
-3
-3
-3
-3
-3
-2
-3
-3
-3
-3
-3
-3
-3
-3
-3
-3
-3
-3
-2
-3
-3
-3
-3
-2
-2
-2
-2
-2
-2
-2
-2
-2
-2
-2
-2
-2
-2
-2
-2
-2
-2
-2
-2
-2
-2
-2
-2
-2
-2
-2
-2
-2
-2
-2
-2
-2
-2
-2
-2
-2
-2
-2
-2
-2
-2
-2
-2
-2
-2
-2
-2
-2
-2
-2
-2
-2
-2
-2
-2
-2
-2
-2
6
-3
-3
-3
-3
-2
-2
-2
-2
-2
-2
-2
-2
-2
-2
-2
-2
-2
-2
-3
-3
-3
-3
-3
-3
-2
-2
-2
-2
-2
-2
-2
-2
-2
6
-3
-3
-3
-3
-3
-3
-3
-3
-3
-2
-2
-2
-2
-3
-2
-2
-2
-2
-2
-3
-2
-2
6
-3
-3
-3
-2
-3
-2
-1
-2
-2
-2
-2
-2
-2
7
-2
-2
-2
-2
-2
-1
-2
-2
-1
-2
-2
-2
-2
6
-3
-3
-3
-3
-3
-3
-3
-3
-3
-3
-3
-3
-3
-3
-3
-3
-3
-3
-3
-3
-3
-3
-3
-3
-3
-3
-3
-3
-3
-3
-3
-3
-3
-2
-3
-3
-3
-3
-3
-3
-3
-3
-3
-3
-3
-3
-3
-3
-3
-3
-3
-3
-3
-3
-3
-3
-3
-3
-3
-3
-3
-3
-3
-3
-3
-3
-3
-3
-3
-3
-3
-3
-3
-3
-3
-3
-3
-3
-3
-3
-2
-3
-1
-2
-2
-2
-2
-2
-2
-2
-2
-2
-2
-2
-2
-2
-3
-3
-3
-3
-3
-3
-3
-3
-3
-3
-3
-3
-3
-3
-2
-2
-2
-2
-2
-2
-3
-3
-3
-3
-3
-3
-3
-3
-3
-3
-3
-3
-3
-3
-3
-2
-2
-2
-2
-2
-2
-2
-2
-2
-2
-2
-2
-2
-2
-2
-2
-2
-2
-2
-2
-2
-2
-2
-2
-2
-2
-2
-2
-2
-2
-2
-2
-2
-2
-2
-11
6
-3
-3
-3
-3
-3
-4
-3
-3
-3
-3
-3
-3
-3
-3
-3
-3
-4
-4
-3
-3
-4
-4
-4
-4
-4
-4
-4
-4
-4
-4
-4
-4
-4
-4
-4
-4
-4
-4
-4
-4
-4
-4
-4
-4
-4
-4
-4
-4
-4
-4
-4
-4
-4
-4
-4
-3
-3
-3
-3
-3
-3
-3
-3
-3
-3
-3
-3
-3
-3
-3
-3
-3
-3
-3
-3
-3
-3
-3
-3
-3
-3
-4
-3
-3
-3
-3
-3
-4
-3
-3
-4
-4
-4
-4
-4
-4
-4
-4
-4
-4
4
4
4
4
4
4
4
4
4
4
4
4
4
4
-4
-4
-4
-4
-4
-4
-4
-4
-4
-4
-4
-4
-4
-4
-4
-4
-4
-4
-4
-4
-4
-4
-4
-4
-4
-4
-4
-4
-4
-4
-4
-4
-4
-4
4
4
4
4
4
4
4
4
4
4
4
4
4
4
4
4
4
4
4
4
4
4
4
4
4
4
4
4
4
4
4
4
4
4
4
4
4
4
4
4
4
4
4
4
4
4
4
4
4
4
4
4
4
4
4
4
4
4
4
4
4
4
4
4
4
4
4
4
4
4
4
4
4
4
4
4
4
4
4
4
4
4
4
4
4
4
3
4
4
4
4
4
4
4
4
4
4
4
4
4
4
4
4
4
4
4
4
4
4
4
4
4
4
4
4
4
4
4
4
4
4
4
4
4
4
4
4
4
4
3
3
3
3
3
3
3
3
3
3
3
3
3
3
3
3
2
3
3
3
3
3
3
3
3
3
4
3
3
3
3
3
3
3
3
3
3
3
3
3
3
3
3
3
3
3
3
3
4
3
3
3
3
3
3
3
3
3
3
3
3
3
3
3
3
3
3
3
3
3
3
3
3
3
3
3
3
3
3
3
3
3
3
3
3
3
3
3
3
3
3
3
3
3
3
2
3
3
3
3
3
3
3
3
3
3
3
3
3
3
-6
2
2
2
2
2
2
2
2
2
-7
2
1
2
1
2
1
11
2
2
2
2
2
2
1
1
2
2
2
2
2
2
2
2
2
2
2
2
1
2
2
2
2
2
2
2
2
2
2
2
2
2
2
3
2
2
3
3
3
3
3
3
3
3
3
3
2
2
2
2
-7
2
3
2
2
3
2
2
3
3
-6
3
3
-6
3
3
2
3
2
3
2
1
1
1
1
2
2
2
2
2
2
1
2
1
2
2
2
2
2
2
2
2
2
2
2
2
2
2
2
2
2
2
2
2
2
2
2
2
2
2
2
2
2
2
2
2
2
2
2
2
2
2
2
3
2
2
2
1
1
1
1
1
1
1
1
1
1
1
0
1
-8
0
0
0
0
0
0
0
0
0
0
-9
18
9
0
1
1
1
1
1
1
1
2
-7
1
1
1
1
1
1
0
1
1
1
1
1
1
1
1
1
1
1
1
9
1
-8
10
1
0
1
-8
0
0
1
1
1
1
1
1
1
1
0
0
0
0
0
0
0
0
0
0
0
0
0
0
9
-2
-3
-2
-3
-2
-2
-11
-20
16
6
-3
-21
-30
-39
-48
-57
-66
-75
-156
-164
-173
-182
-191
-200
-210
-218
-236
-245
242
224
215
170
161
152
143
134
125
107
98
89
80
71
62
53
35
26
17
8
-1
-10
-19
-28
-38
46
36
18
10
1
-8
-17
-35
-44
-63
77
60
33
24
6
-3
-12
6
-3
-2
-2
-2
-2
-2
-2
-2
-2
-2
-2
-2
-2
-2
-2
7
-3
6
-3
-3
-3
-2
-2
-2
-3
-12
-30
-48
-57
50
41
32
23
14
5
-4
-12
-57
-66
-75
-84
-93
-102
-112
-120
-129
123
114
104
96
87
78
68
60
33
24
15
6
6
-3
-3
6
-3
-12
-21
-30
-39
-48
40
31
22
4
-5
-14
-23
33
25
7
-38
-47
-56
-65
-74
-83
-92
-101
-110
-119
-128
-137
-146
-155
-173
-200
-209
-299
-335
-371
-380
-389
-398
-407
-416
-425
-434
-443
-452
-461
-470
-479
-488
-497
-506
-515
-524
-533
-542
-551
-560
-569
-578
-587
-596
-605
-614
-623
-632
-641
-650
-659
-668
-677
-686
-695
-704
703
694
685
676
667
658
649
640
631
622
613
604
595
586
577
568
559
550
541
532
523
514
496
487
469
460
451
442
434
424
415
406
397
388
379
370
361
352
343
334
326
316
307
298
289
280
271
262
253
244
235
226
217
208
199
190
181
172
163
154
145
136
127
118
109
46
37
28
19
10
1
1
1
1
1
0
2
1
1
1
1
1
1
2
1
-8
1
-7
2
2
0
1
2
1
1
1
-8
10
1
1
1
1
-8
1
-17
-26
-152
-161
-170
-179
181
-17
2
-15
37
28
18
10
1
1
1
1
1
1
1
1
1
1
1
1
1
-16
1
-8
1
1
-8
-17
-26
-35
37
28
19
10
1
-8
-17
-26
-35
-8
-52
-417
-3
-3
-2
-3
-2
-2
-2
-3
-3
-3
-2
-3
-3
-3
-3
-3
-3
-3
-3
-3
-3
-3
-3
-3
-3
-3
-3
-12
7
-2
-2
-2
-2
-2
-1
-1
-1
-1
-1
-1
-1
-1
-1
0
0
0
0
-1
-1
-1
-1
-1
0
0
0
0
0
0
0
0
0
0
0
0
0
0
0
0
0
0
1
1
1
1
1
1
1
1
1
1
1
1
1
1
1
1
0
0
0
0
-1
-1
-1
9
0
0
0
0
0
0
0
0
0
0
0
0
0
0
0
0
0
0
0
0
0
0
0
0
1
1
1
0
0
0
0
1
1
1
1
1
1
1
1
1
1
1
1
1
1
1
1
1
1
1
1
1
1
1
1
1
1
1
1
1
1
1
1
1
1
1
1
1
1
1
1
1
1
0
0
0
0
0
0
0
0
0
0
0
0
0
0
0
0
1
1
1
1
1
1
1
1
1
1
1
1
1
0
0
0
0
0
0
0
0
0
0
0
0
0
0
0
0
0
0
0
0
0
0
0
-8
1
1
1
1
1
1
1
1
1
1
1
1
1
1
-8
10
1
1
1
1
1
1
1
1
1
1
1
1
1
1
1
1
1
1
1
1
1
1
1
1
1
1
1
1
1
1
1
1
1
1
1
1
1
1
1
1
1
1
1
1
1
1
1
1
1
1
1
1
1
1
1
1
1
1
1
1
1
2
2
2
2
2
2
2
2
1
1
1
1
1
1
1
1
1
1
1
1
1
1
1
1
1
2
-7
10
1
1
1
1
1
1
1
1
1
1
1
1
1
1
1
2
2
2
2
2
2
2
2
2
2
2
2
2
2
3
-6
11
2
-7
3
3
3
3
3
3
-6
11
2
2
2
2
2
2
2
2
2
2
2
2
2
2
2
2
2
2
2
2
2
2
2
2
2
2
2
2
2
2
2
2
1
2
2
1
2
2
2
2
2
2
2
2
2
2
2
2
2
2
2
2
2
2
2
2
2
2
2
2
2
2
2
2
2
2
2
2
2
2
2
2
2
2
2
2
3
3
4
3
3
3
3
3
3
3
3
4
4
4
4
4
4
4
4
4
3
4
3
3
3
3
3
3
3
3
3
3
3
3
-6
3
3
2
2
2
2
2
2
2
2
2
2
2
2
2
2
2
2
2
2
2
3
3
3
3
4
4
4
4
4
4
4
3
3
3
3
3
3
3
3
3
3
3
3
3
3
3
3
3
3
3
-6
3
3
4
4
4
4
4
4
4
4
4
-4
-4
-4
-4
-4
3
4
3
3
3
3
4
4
4
4
3
3
3
3
3
3
4
4
4
4
4
4
4
4
4
4
4
4
4
-5
5
-4
4
5
-4
-4
4
5
-4
-4
-4
4
4
4
4
4
4
4
4
4
4
4
4
4
4
4
4
4
4
4
4
-5
5
-4
-4
-4
-4
-4
4
4
4
3
3
3
3
3
3
3
3
3
3
4
4
4
4
4
4
4
4
4
4
4
4
4
4
5
-4
-4
-4
-4
-4
5
-4
-4
-4
4
4
4
4
4
4
4
5
4
-5
5
-3
-3
-3
-3
-3
-3
-4
-3
-3
-3
-3
-4
-4
-4
-4
-4
-4
-4
-4
-4
-4
-4
-4
-4
-4
-4
-4
-4
4
4
4
4
4
4
4
-4
4
4
4
4
4
4
4
4
4
4
4
4
-4
-4
-4
-4
-4
-4
-4
-4
-4
4
4
4
4
4
4
4
4
4
4
4
4
4
4
4
4
4
4
4
4
4
4
-4
-4
-4
-4
-4
-4
-4
4
4
4
4
4
4
4
4
4
4
4
4
4
4
4
4
4
4
4
-5
5
-4
-4
-4
-4
-4
-4
-4
-4
-4
-4
-4
-4
-4
-4
-4
-4
-4
-4
-4
-4
-4
-4
-4
-4
-4
-4
-4
-4
-4
-4
-4
-4
-4
-4
-4
-4
-4
-4
-4
4
4
4
4
4
4
4
4
4
4
4
4
4
4
4
4
4
4
4
4
4
4
4
5
4
5
-4
-4
4
4
4
4
4
4
4
4
4
4
4
4
4
4
4
4
4
4
4
4
4
4
4
4
4
4
4
4
4
4
4
4
4
4
4
4
5
-4
-4
-4
-4
-4
-4
-3
-4
-4
-4
-4
4
4
4
-4
-4
-4
-3
-3
-3
-3
-3
-3
-3
-3
-3
-3
-3
-3
-3
-3
-3
-3
-3
-3
-3
-3
-3
-3
-3
-3
-2
-2
-2
-2
-2
-3
-3
-3
-3
-3
-3
-3
-3
-3
-3
-3
-3
-3
-3
-3
-3
-3
-3
-3
-3
-3
-3
-3
-3
-3
-4
-4
-3
-3
-4
-3
-3
-4
-4
2
1
2
2
2
2
2
1
1
1
1
1
1
1
1
0
0
0
0
0
0
0
0
-1
0
0
0
0
0
0
0
0
0
0
0
0
0
0
0
0
0
0
0
0
0
0
0
0
0
0
0
0
0
0
0
0
0
0
0
0
0
0
1
1
1
1
1
1
1
1
1
1
0
0
0
0
0
0
0
0
0
1
-8
0
0
1
1
1
1
1
1
1
1
1
1
1
1
1
1
0
0
0
0
0
0
0
0
1
0
0
8
-1
0
9
0
-1
-1
-1
-1
-1
-1
0
-1
-1
-1
9
0
0
0
0
0
0
0
0
0
0
0
1
0
0
0
0
0
0
1
1
1
-8
1
1
-8
0
1
-8
1
1
1
1
1
-8
-17
-26
-35
43
34
25
16
7
-2
-2
-2
-2
-2
-1
8
-1
-1
-1
-1
-1
-1
-1
-1
-1
-1
-1
-1
-1
8
-1
-1
-1
8
-1
-1
-1
-1
-1
-1
-1
-1
-1
-1
-1
-1
0
-1
-1
-1
-1
-1
-1
-1
0
-9
-18
-27
-36
-45
-54
51
42
24
15
-2
-3
-2
-3
-3
6
-2
-2
1
1
0
0
0
0
0
0
0
0
-1
0
0
0
1
0
0
0
1
1
1
1
1
1
1
1
0
1
0
1
0
1
0
0
0
0
0
0
0
0
8
-1
9
0
0
9
0
-1
-1
-1
0
0
1
0
0
0
-9
9
0
1
1
1
0
0
0
0
0
1
1
1
1
0
1
1
1
1
1
1
0
1
1
1
1
1
1
1
1
1
1
1
-8
1
-8
2
-6
2
2
2
2
2
1
1
2
1
2
2
2
-7
1
1
1
1
1
1
1
1
1
1
1
1
1
1
1
1
1
1
0
0
1
0
1
1
1
1
1
1
1
1
-8
2
0
0
0
0
-9
1
1
1
1
1
1
0
0
0
0
0
0
0
0
0
0
0
0
0
0
0
0
0
0
0
0
0
1
0
1
0
0
1
1
1
1
1
1
1
0
1
1
1
-8
1
0
0
0
0
0
0
0
0
0
0
0
-1
9
1
-1
0
-1
-1
-1
-1
-1
-1
0
9
0
1
1
1
1
1
1
1
1
1
1
1
0
0
1
0
0
1
1
1
1
1
1
1
2
1
1
1
1
1
1
1
2
1
1
1
1
1
-8
1
2
1
1
1
1
1
1
2
1
1
1
1
1
1
1
1
1
1
1
1
2
1
1
1
1
1
1
-8
1
2
2
2
2
2
2
2
2
2
2
2
2
1
0
0
0
0
0
0
0
0
0
0
-1
0
-1
0
-1
-1
-1
-1
-1
-1
-1
0
0
-1
-1
-1
-1
0
-1
0
9
0
-2
-1
-10
26
16
8
-1
-2
-2
-2
-2
-2
-2
-2
-2
-2
-2
8
-1
-1
-2
-1
-1
-1
0
0
0
0
0
0
0
0
0
0
0
0
1
1
1
1
1
1
1
0
0
0
0
0
0
0
0
0
0
-1
-1
0
0
0
0
-1
-1
-1
0
0
0
9
0
0
0
0
0
0
-1
-1
0
0
-1
0
0
-1
-1
-1
-1
-1
-1
-1
-1
-1
-1
-1
-1
8
-1
-1
8
-1
-1
-1
-1
-10
-19
26
17
8
-1
-10
-19
26
17
8
0
-10
8
-1
-10
-19
-28
8
0
-10
-19
-28
-37
-1
-1
-1
-1
-1
-1
8
-1
-1
-1
0
0
0
9
0
-18
-45
-54
29
20
11
2
-7
-16
12
3
-6
-15
-24
-33
-42
-51
-60
-69
-78
-87
-96
-105
-114
-123
-132
-141
-150
-159
-168
-177
-186
-195
-204
-213
-222
-249
91
54
37
19
0
0
0
0
-9
-18
-54
-63
-72
1
1
1
1
1
1
1
1
1
1
1
1
1
1
1
1
1
1
1
1
1
1
1
1
1
1
1
0
9
0
1
-1
1
0
-9
10
1
0
1
1
1
1
1
1
1
1
1
1
1
1
1
1
1
1
1
1
1
1
1
1
0
-1
0
0
1
1
0
0
0
0
0
0
1
0
0
0
0
0
0
0
0
0
0
0
0
0
0
0
0
1
1
1
1
-1
1
0
0
0
0
1
1
1
1
1
1
1
1
1
1
1
1
1
1
1
1
1
1
1
1
-1
1
1
1
1
0
-9
9
0
0
0
0
0
-9
9
0
-9
1
1
1
1
1
1
1
1
1
1
1
-8
1
0
1
1
1
1
1
1
1
1
1
1
1
1
1
1
1
1
1
2
0
1
1
1
1
1
1
1
1
1
1
1
1
-8
-17
-26
-34
-44
-53
-62
56
47
38
1
93449
-2
-3
-3
-3
7
-2
-2
-3
-3
-3
-3
-3
-3
-3
-3
-3
-3
-3
-3
-3
-3
-3
-3
-3
-2
7
-2
-2
-2
-2
-2
-1
-1
-1
-1
-1
-1
-1
-1
-1
-1
-1
-1
0
0
-1
-1
-1
7
-1
-1
-1
-1
0
-1
-1
-1
-1
-1
-1
-1
-1
-1
-1
0
0
0
0
0
0
0
0
1
1
1
-8
1
1
1
1
1
1
0
0
0
0
0
0
0
0
0
0
0
0
0
1
0
0
0
0
0
0
0
1
0
0
0
0
1
1
1
1
1
1
0
0
1
0
0
1
1
1
1
1
1
1
2
1
2
1
0
0
0
0
0
1
1
1
1
1
1
1
1
1
1
1
1
1
1
1
1
1
1
1
1
1
1
1
0
0
0
0
0
0
0
0
0
0
0
0
0
0
0
0
0
0
0
0
0
0
0
0
0
0
0
0
0
0
0
0
0
0
0
0
0
0
0
0
0
0
0
0
-1
0
0
0
0
0
0
8
-1
1
1
1
0
-9
1
0
0
0
0
0
0
0
0
0
0
0
0
0
0
0
0
0
0
1
1
1
1
1
1
1
1
1
1
0
0
0
0
0
0
0
0
0
1
1
1
1
1
1
1
1
1
1
1
1
1
1
1
-8
0
0
0
0
0
0
0
0
0
0
0
0
0
0
0
0
0
0
0
0
0
0
0
0
0
0
0
0
0
0
0
0
0
0
0
0
0
0
0
0
0
-1
-1
-1
-1
-1
-1
-1
7
-2
-2
-2
-2
-2
-2
-2
-1
-2
-1
0
-1
0
-1
-1
-1
-1
-1
-1
-1
-1
-1
-1
-1
-1
-1
-2
-2
-2
-2
-2
-2
-2
-2
-2
-2
-2
-2
-2
-2
-2
-2
-1
-1
-1
-1
-1
-1
-1
-1
-1
-1
-1
-1
-1
-1
0
0
0
0
0
0
-1
-1
-1
-1
-1
-1
-1
-1
-1
-1
-1
-1
-1
-1
-1
0
0
0
1
1
1
1
1
1
1
1
1
1
1
1
-8
2
2
2
1
2
2
2
2
2
2
2
1
1
1
1
1
2
2
3
3
3
3
3
3
3
3
3
3
3
3
3
3
-6
3
4
5
4
5
-4
-4
-4
-3
-3
7
-2
-1
-1
0
0
1
1
1
1
1
1
1
1
1
1
1
1
1
1
2
1
2
1
1
1
2
2
2
2
2
2
2
3
3
3
3
3
3
3
3
3
3
3
2
2
2
2
2
2
1
1
-8
1
2
2
2
2
2
1
1
2
2
2
-7
-16
25
8
-1
-1
9
0
0
1
1
0
-1
0
0
0
1
1
1
1
1
1
1
1
1
1
1
1
1
1
1
1
1
-8
0
0
-1
-1
-1
-2
-2
-2
-2
-2
-2
-2
-2
-2
-2
-2
-2
-2
-2
-2
-2
8
-2
-2
-2
-2
-2
-2
-2
-2
-2
-2
-2
-3
-3
-3
-4
-4
-4
-4
-4
-4
-4
-4
-4
-4
-4
-4
-4
-4
-4
-4
-4
-4
-4
-4
-4
-4
4
4
4
4
4
5
4
4
4
5
-4
-4
-4
-4
-4
-4
-4
-3
-3
-3
-3
-4
-4
-4
-4
-4
-4
-4
-4
-3
-3
-3
-3
-3
-3
-3
-3
-3
-3
-3
-3
-3
-3
-3
-3
-3
-3
-3
-3
-3
-3
-3
-3
-3
-3
-3
-4
4
4
4
4
4
4
-5
4
4
4
5
4
4
4
4
4
4
4
4
4
4
3
3
3
3
3
4
4
4
4
4
4
4
4
-4
-4
4
4
4
4
4
4
3
3
3
3
3
3
3
3
2
2
3
2
2
2
2
2
2
2
1
4
4
4
4
4
-4
-4
-4
-4
-4
-3
-3
-4
-4
-4
-4
-4
-4
-4
-4
-4
-4
-4
-4
-4
-4
-4
4
-4
-4
-4
-4
-3
-3
-3
-3
-3
-3
-3
-3
-3
-3
-3
-3
-3
-3
-3
-3
-3
-3
-3
-3
-3
-3
-3
-3
-3
-3
-3
-3
-3
-2
-2
-3
-2
-2
-2
-2
-2
-3
-3
-3
-3
-3
-3
-2
-3
-3
-3
-3
-3
-3
-3
-2
-3
-3
-3
-3
-3
-3
-3
-3
-3
-2
-2
-2
-2
-2
-2
-2
-2
-2
-2
-2
-2
-2
-2
-2
-2
-2
-2
-2
-2
-2
-2
-2
-2
-2
-2
-2
-2
-2
-2
-2
-2
-2
-2
-2
-2
-2
-2
8
-1
-1
-1
-1
-1
-1
-1
-1
-1
-1
-1
-1
-1
-1
-1
-1
-1
-1
-1
-1
-2
-2
-2
-2
-1
-1
-2
-2
-2
-2
-2
-2
-2
-2
-2
-2
-2
-2
-2
-2
-2
-2
-2
-2
-2
-2
-2
-2
-2
-2
-2
-2
-2
-2
-2
-2
-2
-2
-2
-2
-2
-2
-2
-2
-2
-2
-2
-2
-2
-2
-2
-2
-2
-2
-2
-2
-2
-2
-2
-2
-2
-2
-2
-2
-2
-2
-2
-2
-2
-2
-2
-2
-2
-2
-2
-2
-2
-2
-2
-2
-2
-3
-3
-3
-3
-3
-3
-3
-3
-3
-3
-3
-3
-3
-3
-2
-3
-1
-1
-1
-1
-1
-1
-1
-2
-1
-1
-1
-1
-1
-2
-2
-2
-2
-2
-2
-2
-2
-2
-2
-2
-2
-2
-2
-2
-2
-2
-2
-2
-2
-2
-1
-2
-2
6
-3
-3
-3
-3
-3
-3
-3
-3
-3
-3
-3
-3
-3
-3
-3
-3
-3
-3
-3
-3
-3
-3
-4
-4
-4
-4
-4
-4
-4
-4
-4
-4
-4
-4
-4
-4
-4
4
-5
5
-4
-2
-2
-2
-3
-3
-3
-3
-3
-3
-3
-3
-3
-3
-3
-3
-3
-4
-3
-4
-4
-4
-3
-4
4
0
0
0
0
0
0
-4
-4
-4
-4
-4
-4
-4
-4
4
4
4
4
4
4
4
4
4
4
4
4
4
4
4
4
4
3
3
3
3
3
3
4
3
3
3
3
2
3
3
3
3
3
3
3
3
2
2
-7
2
-7
1
0
0
-4
-4
-4
-4
-4
-4
-4
-4
-4
-4
-4
-4
-4
-4
-4
-4
-4
-4
-4
-4
-4
-4
-4
-4
-4
-4
-4
-4
-4
-4
-4
-4
-4
-4
4
-4
4
4
4
4
-4
4
-4
-4
-4
-4
-4
-4
-4
-5
5
-4
6
-3
-3
-3
-3
5
-4
-4
-4
-4
-4
4
4
4
4
4
4
4
4
3
3
3
3
3
3
3
3
3
3
3
3
2
2
2
2
2
2
2
2
1
1
3
3
3
4
3
3
3
3
3
2
3
3
3
2
2
-7
2
1
1
2
2
2
2
2
2
2
2
2
2
2
1
1
2
1
1
1
1
1
1
1
1
1
1
1
1
1
1
1
1
1
1
2
1
1
1
1
1
1
1
1
1
1
0
0
0
1
1
1
1
1
1
1
1
1
1
1
1
1
1
1
0
0
0
0
0
0
0
0
0
0
0
0
0
0
0
0
0
-1
-10
10
0
0
0
0
0
0
0
0
0
0
0
0
0
0
0
0
0
0
0
0
0
0
0
0
0
0
0
-1
-1
-1
-1
-1
8
-1
0
8
-1
0
0
-1
-1
-1
-1
-1
-1
-1
-1
-1
-1
0
-1
-1
-1
-1
-1
-1
-1
-1
-1
-1
-1
-1
-1
-1
-1
-1
-1
-10
9
0
0
0
0
0
0
-9
9
0
0
0
0
0
0
0
0
0
0
0
0
0
-1
0
0
0
0
0
0
0
0
0
0
0
0
0
0
-1
0
0
0
9
0
0
-1
-1
0
-1
-1
8
-1
-1
-1
-1
-1
-1
0
0
-1
0
0
0
0
0
0
0
0
0
0
0
0
0
0
0
0
0
-1
-1
-1
-1
-1
-1
-1
-1
-1
-1
-1
-1
-1
-1
-1
-1
-1
-1
-1
-1
-1
-1
-1
-1
-1
-1
-1
-1
-1
-1
-1
-1
-1
-1
-1
-1
8
-1
0
-1
-1
-1
0
0
-9
17
8
-1
-1
0
0
-1
-1
-1
-1
0
0
0
0
8
-1
-1
-1
-1
-1
-1
-1
-1
0
-1
-1
-1
-1
-1
-1
-1
-1
-1
-1
-1
8
-1
-1
0
0
0
0
0
0
0
0
0
0
0
0
0
-1
0
0
0
0
0
1
1
1
1
1
1
9
1
0
1
-9
10
0
9
0
0
0
0
0
0
0
0
0
0
9
0
0
0
1
0
0
0
0
0
0
0
0
0
0
0
0
0
0
0
-1
-1
-1
-1
-1
-1
-1
-1
-1
-1
-1
0
0
-1
0
9
0
-1
-1
-1
9
0
9
0
0
0
-9
9
0
0
0
0
0
0
0
0
0
0
0
0
0
0
0
0
0
0
0
0
0
0
0
0
0
0
1
1
1
1
1
1
1
1
0
0
0
1
0
0
-8
1
-8
0
9
0
0
0
0
0
0
0
0
0
0
0
0
0
0
-1
0
0
0
0
0
0
0
0
0
0
0
0
0
0
0
0
0
0
0
0
0
0
0
0
0
0
0
0
0
0
1
0
0
0
0
0
0
0
0
8
-1
0
0
0
8
-1
8
-1
-1
-1
-1
-1
-1
-1
-1
-1
-1
-1
-10
9
0
0
0
0
0
-1
0
0
0
0
0
0
0
0
0
0
0
0
0
-1
0
0
0
0
0
0
0
0
0
0
0
0
0
0
0
0
0
-1
-10
-18907
-2
-2
-3
-3
-3
-2
-2
-2
-3
-3
-3
-3
-3
-3
-3
-3
-3
-3
-3
-3
-3
-3
-2
-2
-3
-2
-3
-2
-3
-2
-2
8
-1
-1
0
-1
-1
-1
-1
-1
-1
-1
-1
-1
-1
-1
-1
-1
-1
-1
-1
-1
-1
-1
-1
-1
-1
-1
-1
-1
-1
-1
-1
-1
-1
-1
0
0
0
0
0
0
0
0
0
0
0
0
0
0
0
0
0
0
-1
0
0
0
0
0
0
0
0
0
0
0
0
0
0
0
1
0
0
0
0
0
1
1
1
1
1
1
1
1
1
1
1
1
1
1
-8
0
0
0
1
1
1
1
1
1
1
1
1
0
0
0
0
0
0
0
0
0
0
0
0
0
0
0
0
0
0
0
0
0
0
0
0
0
0
0
0
0
0
0
0
0
0
0
0
0
0
0
0
0
0
0
0
0
0
0
0
0
0
0
0
0
0
0
0
0
0
0
0
0
0
0
0
0
0
0
0
0
0
0
0
0
0
0
0
0
0
0
0
0
0
0
0
0
-1
-1
-1
0
0
0
0
0
0
0
0
0
0
0
0
0
0
0
0
0
0
0
0
0
0
0
0
0
0
0
0
0
0
0
0
0
0
0
1
1
1
1
1
1
1
1
1
1
1
1
1
1
1
1
1
1
0
0
0
0
0
0
0
0
0
0
0
0
0
0
1
1
1
1
1
0
0
1
0
0
0
0
0
0
0
0
0
0
0
0
0
0
0
0
0
0
0
0
0
0
0
0
0
0
0
0
0
0
0
-1
-1
0
0
0
0
0
0
0
0
0
0
0
0
0
0
0
1
0
-9
1
1
1
1
0
0
0
-1
0
-1
-1
-1
-1
-1
-1
-1
-1
-1
-1
-1
-1
-1
-1
-1
-1
-1
-1
-1
-1
-1
0
0
0
0
0
0
0
-1
0
0
0
-1
-1
-1
-1
-1
-1
-1
-1
-1
-1
-1
-1
0
0
0
0
0
0
0
0
0
0
0
0
0
0
0
0
0
0
0
0
0
0
1
1
1
1
1
1
1
1
1
1
1
1
1
1
1
1
1
1
1
0
0
0
0
0
0
0
0
0
1
1
1
1
1
1
0
0
0
0
0
0
0
0
0
0
0
0
0
0
0
0
0
0
0
0
0
0
0
0
0
0
0
0
1
0
0
0
0
0
0
0
0
1
1
1
1
1
1
1
1
1
1
1
1
1
0
0
1
0
1
1
0
1
1
0
0
0
0
0
0
0
0
1
0
0
-1
-1
-1
-1
-1
-1
-1
-1
0
0
-1
-1
-1
-1
-1
-2
-2
-2
-2
-1
-1
-1
-1
-1
-1
-1
0
0
0
0
0
0
-9
9
0
0
0
1
1
1
1
1
1
1
1
1
1
1
0
1
1
0
0
0
0
0
0
0
0
0
1
0
0
0
0
1
1
1
1
1
1
1
1
1
1
1
1
1
1
1
1
1
1
1
1
1
1
1
1
1
1
0
0
0
0
0
0
0
0
1
1
1
1
1
1
1
1
1
1
1
1
1
1
1
1
1
1
1
1
1
1
1
1
1
1
1
1
1
1
1
1
1
1
1
1
1
1
1
0
0
0
0
0
0
0
1
1
1
1
1
1
2
2
1
1
1
1
1
1
1
1
1
1
1
1
1
1
1
2
2
2
1
1
1
1
1
1
1
1
1
1
2
2
2
2
3
3
3
3
2
2
2
2
2
2
2
2
2
2
2
2
2
2
2
1
1
1
1
1
1
1
1
1
1
1
1
1
1
1
2
2
2
2
2
2
3
3
3
3
3
4
4
4
4
4
4
4
4
4
4
4
4
3
4
4
4
4
-3
7
-2
-2
-2
-3
-3
-3
-3
-3
-3
-2
-2
-2
-2
-2
-2
-2
-2
-2
-2
-2
-2
-2
-2
-2
-3
-2
-2
-2
-2
-2
-2
-2
-2
-2
-2
-1
-1
-1
-1
-1
-1
-1
-1
-1
-2
-2
-2
-2
-1
-2
-2
-2
-2
-2
-2
-2
-2
-2
-2
-2
-2
-2
-2
-2
-2
-2
-2
-2
-2
-2
-2
-2
-2
-2
-2
-2
-2
-2
-2
-2
-2
-2
-2
-2
-2
-2
-2
-2
-2
-2
-2
-2
-2
-2
-2
-2
-2
-2
-2
-2
-2
-2
-2
-2
-2
-2
-2
-2
-2
-2
-2
-1
-1
-1
-1
-1
-1
-1
-1
-1
-1
-1
-1
-1
-1
-1
-2
-1
-1
-1
-1
-1
-1
-2
-2
-2
-2
-2
-2
-2
-2
-2
-2
-2
-2
-2
-2
-2
-2
-2
-2
-2
-2
-2
-2
-2
-2
-2
-2
-2
-2
-2
-2
-2
-1
-2
-2
-1
-2
-1
-1
-1
-1
-1
-1
-1
-1
-1
-1
-1
-1
-1
-1
-1
-1
-1
-1
-1
-1
-1
-1
-1
-1
-1
-1
-1
-1
-1
-1
-1
-1
-1
-1
-1
-1
-1
-1
-1
-1
-1
-1
-1
-1
-1
-1
-1
-1
-1
-1
-1
-1
-1
-1
-1
-1
-1
-1
-1
-1
-1
-1
-1
-1
-1
-1
-1
-1
-1
-1
-1
-1
-1
-1
-1
-1
-1
-1
-1
-1
-1
-1
-1
-1
-1
-1
-1
-1
-1
-1
-1
-1
-1
-1
-1
-1
-1
-1
-1
-1
-1
-1
8
-1
-1
-1
-2
-2
-2
-2
-2
-1
-2
-2
-2
-2
-2
-2
-2
-2
-2
-2
-2
-2
-2
-2
-2
-2
-2
-2
-2
-2
-2
-2
-2
-2
-2
-2
-2
-2
-2
-2
-2
-2
-2
-2
-2
7
-2
-2
-2
-1
-1
8
-1
-1
-1
-1
-1
-1
-1
-2
-2
-2
-2
-2
-2
-2
-2
-2
-2
-2
-2
-2
-2
-2
-1
-2
-2
-2
-2
-2
-2
-2
-2
-2
-2
-2
-2
-2
-2
-2
-2
-2
-2
-2
-2
-2
-2
-2
-2
-2
-2
-3
-3
-2
-2
-2
-2
-2
-2
-2
-2
-2
-2
-2
-2
-2
-2
-2
-2
-2
-2
-2
-2
-2
-2
-2
-2
-2
-2
-2
-2
-2
-2
-2
-2
-2
-2
-2
-2
-2
-2
-3
-3
-3
-2
-3
-3
-3
-3
-3
-3
-3
-2
-3
-3
-3
-3
-3
-2
-11
-20
-29
-38
-47
-56
-65
-74
-83
-92
74
65
56
47
38
30
21
12
2
3
3
3
3
3
3
4
4
4
4
4
4
4
4
3
3
3
2
-7
2
2
2
2
2
2
2
2
2
2
2
2
2
2
2
2
3
4
-4
-4
-4
-4
-4
-4
-4
-4
-4
5
-4
5
4
-4
-4
-4
-4
-4
-4
-4
-4
-4
-4
-4
-4
-4
-4
-4
-4
-4
-4
-4
-4
-4
-4
-4
-4
-4
-3
-3
-3
-3
-3
-3
-3
-3
-3
-3
-3
-3
-3
-3
-3
-3
-3
-4
-3
-3
-3
-3
-3
-3
-3
-3
-3
-3
-3
-3
-2
-3
-3
-3
-3
7
-2
-3
-2
-3
-2
-2
-2
-2
-2
-2
-3
-3
-3
-3
-4
-4
-4
4
4
-8
-1
9
0
8
-1
0
-1
0
0
0
0
0
0
0
-1
-1
-1
-1
0
-1
-1
-1
-1
-1
-1
-1
0
0
0
0
0
0
-1
-1
-1
-1
-1
-1
-1
-1
-1
-1
-1
-1
-1
-1
-1
-1
-1
-1
-1
-1
-1
-1
-1
-1
-1
-1
-1
-1
-1
-1
-1
-1
-1
-2
-2
-2
6
-3
-2
-1
0
0
0
0
0
-1
0
-1
-1
-1
-1
-1
0
-1
-1
-1
-1
-1
-1
-1
-1
-1
-1
-1
-1
-1
-1
-2
-2
0
-1
-1
-1
-1
-1
-2
-1
-1
-1
-1
-1
-1
-1
-1
-1
-1
-2
-2
-2
-1
-10
-19
-28
-36
-45
-54
-63
-72
-81
-90
-99
-108
-117
-127
-135
-144
-153
-162
164
155
146
137
128
119
110
101
92
83
74
65
56
47
38
29
20
11
2
2
2
2
3
3
3
4
-6
5
-4
-4
-4
-4
-4
4
-14
-23
-32
-41
-50
-58
66
58
48
39
30
21
12
3
4
4
4
4
4
4
5
4
4
4
4
4
-5
4
4
-5
-14
-23
30
21
12
3
3
3
3
3
3
5
-4
4
-5
-14
-23
-32
-41
-50
57
48
39
30
21
13
3
3
3
-6
-15
-24
-33
-42
-51
-59
-69
-77
-86
-104
-113
-122
-131
-140
-149
-158
-167
166
157
148
139
130
121
112
103
94
85
76
67
58
49
40
31
22
13
4
4
5
-4
-13
-22
-31
-40
-49
-58
-67
-76
-85
-94
87
78
69
60
51
42
33
24
15
6
-2
-11
-20
-29
-38
-47
-56
-65
-83
-93
-102
-111
-120
-129
-138
-147
-156
-165
-174
-183
-192
-201
-210
-219
-228
-237
-246
-255
-264
-273
-282
-291
-300
-309
-318
-327
-336
-345
-354
-363
-372
-381
-399
-408
-417
-426
-435
-444
-453
-463
-471
-480
-489
-498
-507
-516
-525
-534
-543
-552
-561
-579
-588
-597
-606
-615
-624
-633
-642
-651
-660
-669
-678
-687
685
676
667
658
649
640
631
622
613
604
594
577
568
559
541
523
514
505
496
487
478
469
460
451
442
433
424
415
406
397
388
379
370
361
353
343
334
325
316
307
299
280
272
244
235
226
217
208
199
190
181
172
163
154
145
136
127
118
109
100
91
82
73
64
55
46
37
28
19
10
1
-8
0
0
0
0
0
0
0
0
-1
0
0
0
0
0
0
0
879
869
860
851
841
618
609
600
591
582
573
564
555
546
528
510
501
492
483
474
465
456
447
438
429
420
411
402
393
384
339
321
312
303
294
285
276
-101
-110
105
96
78
69
60
51
-2
-3
-3
-3
-3
-3
-3
-4
-3
-3
-3
-3
-3
-12
23
5
7
-2
-3
-3
-3
-3
-2
-3
-3
-2
-2
-3
-2
-3
-2
-2
-11
6
-3
-3
-2
-3
-3
-3
-3
-12
14
5
-4
-2
-3
-3
-2
-2
-2
-2
-2
-3
1119
-50038
-83
84
418
1190
950
-3
7
-3
-2
-3
-3
-3
7
-2
-2
-2
-2
-2
-3
-2
-2
-2
-2
-2
-2
-2
-2
-2
-2
-2
-2
-2
-2
-2
-2
-2
-2
-2
-2
-1
-1
-1
-1
-1
-1
-1
-1
-1
-1
-1
-1
-1
-1
-1
-2
-2
-2
-2
-2
-2
-2
-2
-2
-1
-2
-2
-2
-2
-2
-1
-1
-1
-1
-1
0
0
0
0
-1
-1
-1
-1
-10
9
0
0
0
8
-1
-1
-1
-1
-1
-1
-1
-1
0
9
0
0
0
0
0
0
0
0
0
0
0
0
0
0
0
0
0
0
0
0
0
0
0
0
0
0
-1
0
0
0
0
0
0
0
0
0
0
0
0
0
0
0
0
0
0
0
0
0
0
0
0
0
0
0
0
0
0
0
0
0
0
0
0
0
0
0
0
0
0
0
0
0
0
0
0
0
0
0
0
0
0
0
0
0
0
0
0
0
0
0
0
0
0
0
0
0
0
0
0
0
0
0
0
0
0
0
0
0
0
0
0
0
0
0
0
0
0
0
0
-1
-1
-1
-1
-1
-1
-1
-1
-1
-1
-1
-1
-1
-1
-1
-1
-1
0
-1
-1
-1
0
0
0
0
0
0
0
0
0
0
0
0
0
0
0
0
0
0
0
0
0
0
0
0
0
0
0
0
0
0
0
0
0
0
0
0
0
0
0
0
0
0
0
0
0
0
0
0
0
0
0
0
0
0
0
0
0
0
0
0
0
0
0
0
0
0
0
0
0
0
0
0
0
0
0
0
0
0
0
0
0
0
0
0
0
0
0
0
0
0
0
0
0
0
0
0
0
0
0
0
0
0
0
0
0
0
0
0
0
0
0
0
0
0
0
0
0
0
0
0
-1
-1
-1
-1
-1
-1
-1
-1
-1
-1
-1
-1
-1
-1
0
0
0
0
0
9
0
0
0
-1
-1
-1
-1
-1
-1
-1
-1
-1
-1
-1
-1
-1
-1
-1
-1
-1
-1
-1
-1
-1
-1
0
0
0
0
0
0
0
0
0
0
0
0
0
0
0
0
0
0
0
0
0
0
0
0
0
0
0
0
0
0
0
0
0
0
0
0
0
-1
0
-1
-1
-1
-1
-1
-1
-1
-1
-1
-1
-1
-1
-1
-1
-1
-1
-1
9
0
0
0
-1
-1
-1
-1
-1
-1
-1
-1
-1
-1
-10
9
0
0
0
0
-1
0
8
-1
-1
0
0
0
0
0
0
0
0
0
0
0
0
0
-1
0
0
0
0
0
0
0
0
0
0
0
0
0
0
0
0
0
0
0
0
0
0
0
0
0
0
0
0
-1
-1
-1
-1
-1
-1
-1
-1
-1
-1
-1
-1
-1
-1
-1
-1
-1
-1
-1
-1
-1
-1
-1
-1
-1
-1
-1
-1
-1
-1
-1
-1
-1
-1
-1
-1
-1
-1
-1
-1
-1
0
0
0
0
0
0
0
0
0
0
0
0
0
1
1
1
1
0
0
0
0
0
0
0
0
0
0
0
0
0
0
0
0
0
0
0
0
0
0
0
0
0
0
0
0
0
0
0
0
0
0
0
0
0
0
0
0
0
0
1
0
0
0
0
0
0
0
0
0
0
0
0
0
0
0
0
0
0
0
0
0
0
0
0
0
0
0
0
0
0
0
0
0
0
0
0
0
0
0
0
0
0
0
0
0
0
0
0
0
0
0
0
0
0
0
0
0
0
0
0
0
0
0
0
0
0
0
0
0
0
0
0
0
0
0
0
0
0
0
0
0
0
0
0
0
0
0
0
0
0
0
0
0
0
0
0
0
0
0
1
1
1
1
1
1
1
1
1
1
1
1
1
1
1
1
1
1
1
1
1
1
1
1
1
1
1
1
1
1
1
1
1
1
0
1
1
-8
1
1
1
1
1
1
1
1
1
1
1
1
1
1
1
1
1
1
1
1
1
1
1
1
1
1
1
1
1
1
1
1
1
0
1
1
1
1
1
1
1
1
1
1
1
1
1
1
1
1
1
1
1
1
1
0
1
1
1
0
0
0
0
0
0
0
0
0
0
0
0
-9
1
1
0
1
0
0
0
0
0
0
0
0
-1
0
-1
-1
-1
-1
1
1
2
0
1
1
1
1
1
1
1
1
1
1
1
1
1
1
1
1
1
1
1
1
1
1
1
2
1
1
1
1
1
1
1
1
1
1
1
1
1
1
1
1
1
1
1
1
1
1
1
1
1
1
1
0
0
0
0
0
-1
-1
-1
-4
4
4
3
3
3
3
3
2
2
2
2
1
1
1
1
1
1
1
1
1
1
1
1
1
1
1
1
1
1
1
1
1
1
1
1
1
1
1
1
1
1
1
1
1
1
1
1
-8
0
0
0
0
0
0
0
0
0
0
0
0
0
0
0
0
0
0
0
0
0
0
0
0
-9
1
1
1
1
1
1
1
1
1
1
1
1
1
2
1
1
1
1
1
1
1
1
1
1
1
1
1
1
1
1
1
1
1
1
1
1
1
1
1
2
1
1
1
2
1
1
1
1
1
2
2
1
1
1
1
1
1
1
1
1
1
1
1
1
1
1
1
1
1
1
1
1
1
1
1
1
1
1
1
1
0
1
1
1
1
1
1
2
1
2
2
2
2
2
2
2
1
1
1
1
1
1
1
1
1
1
1
1
1
1
1
1
1
1
1
1
0
0
0
0
0
0
0
0
0
0
0
0
0
0
0
0
0
0
0
0
0
0
0
0
0
0
0
0
0
0
0
0
0
0
0
0
0
0
0
0
0
0
0
0
0
0
0
0
0
0
0
0
0
0
0
0
0
0
0
0
0
0
0
0
0
0
0
1
1
1
1
1
1
1
1
1
1
1
1
1
1
1
1
1
1
1
1
1
1
1
1
1
1
1
1
1
1
1
1
1
1
1
1
1
1
1
1
1
1
1
1
1
1
1
1
1
1
1
1
1
1
1
1
1
0
0
0
0
0
0
0
0
0
0
0
0
0
0
0
0
0
0
0
0
0
0
0
0
0
0
0
0
0
0
0
0
0
0
0
0
0
0
0
0
0
0
0
0
0
0
0
0
0
0
1
0
0
0
0
0
0
0
0
0
0
0
0
0
0
0
0
0
0
0
0
0
0
0
0
0
0
-1
0
0
0
0
0
0
0
0
0
1
-1
0
0
0
0
0
0
0
0
0
4
4
4
4
3
2
2
2
2
2
2
1
1
1
1
1
1
1
1
2
2
1
1
1
1
1
1
1
-8
1
-8
1
2
-7
11
2
2
2
1
2
1
1
1
1
1
1
1
1
1
1
2
2
1
2
1
2
2
1
1
1
1
1
0
0
0
0
0
0
1
1
1
1
1
1
1
1
1
0
0
0
-1
-1
0
-1
0
9
0
9
0
0
0
0
0
0
-1
-1
-1
-1
0
-1
0
9
0
0
0
0
0
0
-1
-1
9
0
0
0
0
0
0
-1
0
-1
-1
-1
-1
-3
-3
-3
-4
-4
-4
-4
-4
-4
-4
-4
6
-3
5
-4
-2
-2
-2
-2
-2
-2
-2
-2
-2
-2
-2
-2
-2
-2
-2
-2
-2
-2
-2
-3
-2
-2
-2
-3
-3
-3
-2
-3
-3
-3
-3
-12
-21
-30
-39
41
33
23
14
5
-4
-4
-4
-4
-4
-4
-4
-4
-4
-4
-3
-12
-21
-30
-39
-48
44
34
25
16
7
-2
-1
0
-1
-9
-27
-36
45
36
27
18
9
0
0
0
0
1
1
1
1
1
1
0
1
2
2
-7
-16
-25
-34
-43
-52
-61
-70
-79
-88
-97
-106
-115
-124
-133
-142
-151
-160
-169
-178
-187
-196
-205
-214
222
213
204
195
186
177
168
159
150
141
132
123
114
105
96
87
78
69
60
51
42
33
24
15
6
-3
-3
-3
-3
6
-2
-2
-2
-2
-2
-2
7
-2
-2
-2
-2
-2
-2
-2
-2
-2
7
-2
7
-3
-12
-20
16
6
-2
-11
-20
-29
-38
-47
-56
52
43
34
25
16
7
-2
-3
-4
-3
-3
-3
-12
5
-4
5
-4
5
-4
-4
-4
-4
-3
-3
6
-3
7
-2
-2
-2
-2
-2
-2
-2
6
-3
-12
-20
-30
-39
-48
-57
-66
-75
76
66
57
48
39
31
21
12
3
-6
3
3
4
5
3
3
3
3
3
3
3
3
3
3
3
3
3
3
3
3
3
3
3
3
3
3
3
3
3
-6
-15
-24
29
20
-5
-14
-24
-32
-69
-77
-87
-95
93
84
75
66
57
47
21
12
-7
12
2
2
-7
-16
11
2
2
-7
-16
10
1
1
1
0
2
2
2
1
2
2
2
2
2
2
2
2
2
1
2
1
-8
0
0
0
0
0
1
1
1
1
0
0
0
0
0
0
0
0
0
0
0
0
0
0
0
0
0
0
0
0
9
0
0
0
0
0
0
0
0
0
0
0
0
0
0
0
0
0
0
0
0
0
0
0
0
0
0
0
-1
-8
1
1
1
1
1
0
0
0
0
0
0
0
0
0
-70
-80
-89
-98
-107
-15
20
11
2
2
3
2
2
2
2
2
2
2
2
2
2
2
2
2
2
2
2
-7
2
2
1
2
2
2
2
-7
2
-7
21
12
3
-6
-15
-24
-33
-42
-51
-60
56
47
38
29
20
11
2
2
2
-7
2
2
2
2
2
1
2
4
1
1
2
1
3
-25
9
0
0
0
9
0
-9
1
0
0
0
0
-1
-1
-1
0
-1
-1
-1
-1
-1
-1
-1
0
0
-1
0
0
-1
-1
0
-1
-1
-1
-1
-1
-1
-1
0
0
-1
9
-9
-19
-28
-37
-55
-83
-208
-1435
