-1
-1
-2
-1
-1
-1
-1
-2
-2
-2
-2
-2
-2
-2
-1
-1
-1
-1
-1
-1
-1
-1
-1
-1
-1
-1
-1
-1
0
0
0
-1
-1
-1
-1
-1
-1
-1
-1
-1
-1
-1
-1
-1
-1
-2
-2
-2
-2
-2
-1
-1
-1
9
0
0
0
-1
-2
-1
7
-2
7
-2
-2
8
-1
-1
-1
-1
-1
-1
-1
-1
-1
-1
-2
-2
-2
-3
-3
-3
-3
-3
-3
-3
-3
-3
-2
-2
-2
-2
-2
-2
-2
-2
-2
-2
-2
-2
-2
-2
-2
-2
-2
-2
-2
-2
-2
-3
-2
-3
-3
-3
-3
-3
3
3
3
2
2
2
2
-7
1
1
2
2
2
2
3
3
3
3
3
3
4
4
4
4
4
5
-4
-4
-4
-4
-4
-4
-4
-4
-4
-4
-3
-3
-3
-3
-3
-3
-3
-3
-3
-3
-3
-3
-3
-3
-3
-3
-3
-3
-3
-3
-3
-3
-3
-2
-3
-3
-3
-3
-3
-3
-3
-3
-3
-3
-3
-3
-3
-3
-3
-3
-3
-3
-3
-3
-3
-3
-3
-4
-4
-4
-4
-3
-3
-3
-4
-4
-4
-4
-4
-4
-4
-4
-4
-4
4
4
4
4
4
-5
5
-4
-4
-4
-4
-4
-4
-4
-4
-4
-4
-4
-3
-3
-3
-2
-2
-2
-2
-3
-3
-3
-3
-3
-3
-3
-3
-3
-3
-3
-4
-3
-3
-3
-3
-3
-3
-3
-3
-3
-3
-3
-3
-3
-2
-2
-1
-1
-1
-1
-2
-2
-2
-2
-2
-2
-2
-2
-2
-3
-3
-3
-3
-3
-3
-3
-3
-3
-3
-2
-3
-3
-3
-3
-3
-3
-3
-3
-3
-3
-3
-3
-3
-3
-3
-3
-3
-3
-3
-3
-3
-4
-3
6
-3
-2
-2
-3
-3
-3
-4
-4
-4
-4
-4
-4
-4
-4
-4
-4
-4
-4
-4
-3
-2
-2
-2
-2
-2
-2
-2
-2
-2
-2
-2
-2
-2
-1
-1
-1
-1
-1
-1
-1
-2
-2
-2
-2
-2
-2
-2
-2
-2
-2
-2
-2
-2
-2
-2
-2
-2
-2
-2
-2
-2
-2
-2
-2
-2
-2
-3
-3
-3
-3
-2
-2
-2
-1
-1
-1
-2
-1
0
0
-1
0
0
0
0
-1
1
1
1
-8
0
0
0
0
0
0
0
0
0
0
0
0
0
-1
-1
-1
-1
-1
-1
-1
-1
-1
-1
0
0
0
0
0
0
0
0
0
0
0
0
0
0
0
0
0
0
0
0
0
0
0
0
0
0
0
0
0
1
1
1
1
1
1
1
1
1
1
1
1
1
1
0
0
0
0
0
0
0
0
0
0
0
0
0
1
1
1
1
1
1
1
1
0
1
1
1
1
1
1
1
1
1
1
1
1
1
1
-8
2
1
2
1
2
1
1
1
1
1
-8
2
2
2
2
2
2
3
3
3
3
3
3
3
4
3
4
-5
3
3
3
3
3
-6
4
4
4
4
4
4
4
4
4
4
4
4
4
-4
-4
-4
-4
-4
-4
-4
-4
-4
-4
4
4
4
4
4
4
4
4
4
4
4
4
4
-4
-4
-4
-4
4
4
4
4
4
4
-5
-14
11
2
2
2
-7
2
3
3
2
2
2
2
2
2
2
2
2
2
-7
3
3
3
3
3
3
3
3
3
3
3
3
2
2
2
2
2
2
2
2
2
3
3
3
3
-6
-15
17
8
-1
-1
-1
-1
0
-9
1
1
0
0
1
-8
10
0
0
-1
0
-2
-2
-2
-2
-2
-3
4
4
3
2
2
2
2
2
2
2
2
2
3
3
2
2
2
2
2
3
2
2
2
2
2
2
2
2
2
2
2
2
2
2
2
2
2
2
4
4
4
3
3
3
3
3
3
3
3
3
3
3
3
3
3
3
3
2
2
3
3
3
3
3
3
3
3
3
3
3
3
3
3
3
3
3
3
3
3
3
3
3
3
3
3
3
3
3
3
3
3
3
3
3
3
3
3
3
3
2
2
2
2
2
2
2
3
3
3
3
3
3
3
3
3
2
2
2
2
2
2
2
2
2
2
2
2
2
2
2
2
2
2
2
2
-7
3
3
3
3
3
3
3
3
3
3
3
3
2
2
2
2
2
3
3
3
3
-6
2
2
2
2
2
-7
3
3
3
3
3
3
3
3
3
3
3
2
2
3
2
2
2
2
1
2
2
3
3
3
3
3
3
3
3
3
3
3
3
3
3
2
2
2
2
2
2
2
2
2
2
2
2
2
2
2
2
2
2
2
2
2
2
2
2
2
2
2
2
2
2
2
2
2
2
2
2
2
2
2
2
2
2
2
2
2
2
2
2
2
2
2
2
2
2
2
2
2
2
2
2
2
2
2
2
2
2
2
2
2
2
2
2
2
2
2
2
2
2
2
2
2
2
2
2
2
2
2
2
2
2
2
2
2
2
2
2
3
2
3
3
3
3
3
3
2
2
2
2
2
2
2
2
2
2
2
2
2
2
2
2
2
2
2
2
1
1
-4
4
4
4
4
4
4
4
3
3
3
-4
-4
-4
-4
-4
4
4
4
4
4
4
4
4
4
4
4
4
4
4
4
4
4
4
4
4
4
4
4
4
4
4
4
4
4
4
4
4
3
3
3
3
3
3
3
3
3
3
3
3
3
3
3
3
2
2
2
2
2
2
2
2
2
2
3
2
2
2
2
2
2
2
2
2
2
2
1
1
1
1
1
1
1
2
2
2
2
2
2
2
2
2
2
2
2
2
2
2
2
2
2
1
1
1
1
1
1
1
1
3
2
1
1
1
1
1
1
1
1
1
1
2
1
1
2
1
2
1
2
2
1
1
1
1
1
1
1
1
2
0
1
1
1
0
1
1
1
1
1
1
1
1
1
0
0
0
0
0
0
0
-1
-1
-1
-1
-1
-1
-1
-1
-1
-1
-1
-1
-1
-1
-1
0
-1
-1
-1
-1
-1
-1
-1
-1
-1
-1
-1
-1
-1
-1
-1
-1
-1
0
-10
-1
0
8
-1
-1
8
-1
-1
-1
-1
-1
-1
-1
-1
-1
-1
-1
-1
-1
-1
-1
-1
-1
-1
-1
-1
-1
-1
-1
-1
-1
-1
-1
-1
-1
-1
-1
-1
-1
-1
-1
0
0
0
0
0
0
0
0
0
0
0
0
0
0
-1
-1
0
0
0
-1
-1
-1
-1
-1
-1
-1
-1
-1
-1
-1
-1
-1
-1
-1
-1
-1
-1
-1
-1
-1
-1
-2
-1
-1
-1
-1
-1
-1
-1
-1
-1
-1
-1
-1
-1
-1
-1
-1
-1
-1
-1
-1
-1
-1
-1
-1
-1
-1
-1
-1
-1
-1
-2
-2
-2
-2
-2
-1
-1
-1
-1
-1
-1
-1
-1
-1
-1
0
0
0
0
-1
0
0
0
0
0
0
-9
1
1
1
0
0
0
0
0
-1
-1
-1
9
0
0
0
0
0
0
0
0
0
0
0
0
0
0
-1
-1
0
0
0
0
0
0
0
0
1
-8
-17
-26
-35
-44
52
43
34
25
16
7
-2
8
-1
-1
-1
0
0
0
0
0
0
0
0
0
1
1
0
1
1
1
1
1
2
1
-7
3
3
3
2
3
3
3
3
3
3
3
3
3
3
3
3
3
3
3
3
3
3
3
3
3
3
3
3
3
3
4
3
3
4
4
4
4
4
4
4
4
4
4
4
4
4
4
4
4
4
5
-4
-4
-4
-4
-4
-4
-4
-4
-4
-4
-4
-4
-4
-4
-4
4
-4
-4
-4
-4
-4
-4
-4
-4
4
4
5
4
4
4
4
4
4
4
4
4
4
4
3
4
3
3
4
3
3
3
3
3
3
4
3
3
3
3
3
3
3
3
3
3
3
3
3
-6
13
4
4
4
4
4
4
-4
4
4
4
4
4
3
3
3
3
4
4
4
4
4
4
4
5
4
5
-4
-4
-4
-3
-4
-3
-3
-4
-4
-4
-4
-4
-4
4
4
4
4
4
4
4
4
4
4
4
4
4
4
4
4
4
4
4
4
4
-5
4
4
4
4
4
4
4
4
4
4
4
4
4
4
4
4
4
4
4
3
3
3
3
3
3
3
3
3
3
3
3
4
4
4
4
4
4
-4
4
4
4
4
4
4
4
4
4
4
4
4
4
4
4
4
4
4
4
4
4
4
4
4
4
4
4
4
4
4
4
4
4
4
4
4
4
3
4
3
3
3
3
4
4
3
3
3
3
3
3
3
3
4
3
4
4
4
4
4
4
4
4
4
4
4
4
4
4
4
4
4
4
4
4
4
4
4
4
4
4
4
4
4
4
4
4
4
4
4
4
4
4
4
4
4
4
4
4
4
4
3
3
3
3
3
3
3
4
4
4
4
4
3
4
4
4
4
3
3
-6
4
4
4
-5
12
3
-6
4
-6
4
4
4
4
4
4
4
4
4
4
4
4
4
4
4
4
4
4
4
4
4
4
4
4
4
4
4
4
4
4
4
4
4
4
4
4
4
4
4
4
4
4
4
4
3
4
-5
12
3
3
3
3
3
3
3
-6
13
4
4
4
4
4
4
4
4
4
4
4
4
4
4
4
4
4
4
4
4
4
4
4
4
4
4
4
4
4
4
4
4
4
4
4
4
4
4
4
4
4
4
-5
3
3
3
3
3
3
3
3
3
3
3
4
3
3
3
3
4
3
4
3
4
4
3
4
4
3
3
3
3
4
3
4
4
4
4
4
4
4
4
4
4
4
4
3
3
3
3
3
3
3
3
3
3
3
3
3
3
3
3
3
3
3
3
3
3
3
3
3
3
3
3
2
3
2
2
3
3
3
3
3
3
3
2
3
3
3
3
3
2
2
2
3
2
3
2
2
2
3
3
2
2
2
2
2
2
2
2
2
3
2
3
1
1
1
2
-7
2
2
2
2
2
2
2
2
1
2
2
2
2
2
2
2
2
2
2
2
2
2
2
2
2
2
2
3
-6
11
2
2
2
2
2
2
2
2
2
2
2
2
2
2
2
2
2
2
-7
11
2
1
0
0
0
0
0
0
0
0
2
1
1
2
1
1
2
1
1
1
1
1
1
2
2
1
1
1
1
1
1
1
1
1
1
0
1
1
0
0
0
-9
1
0
9
0
1
0
0
9
0
0
0
0
0
0
0
0
0
0
0
0
0
0
0
1
1
1
1
1
1
0
1
1
1
1
1
1
0
0
0
1
0
0
2
2
2
1
2
2
2
1
2
1
2
2
2
2
2
2
2
2
2
2
2
2
2
2
2
2
2
2
2
2
2
2
1
1
1
1
1
1
1
1
2
2
2
2
2
2
2
2
2
1
1
1
1
1
1
1
1
-8
1
1
1
2
1
1
1
1
1
1
1
1
1
1
1
1
1
1
1
1
1
1
1
1
1
1
1
1
0
1
1
1
1
1
1
1
1
1
1
1
1
1
1
1
1
1
1
1
1
1
1
1
1
1
1
1
1
1
1
1
1
1
1
1
1
1
1
1
1
1
1
1
1
1
-8
1
1
1
1
-8
1
1
-8
10
1
1
1
1
1
1
1
1
1
1
0
0
0
0
0
0
0
0
0
0
0
0
0
0
0
0
1
-8
1
1
1
1
1
1
1
1
1
1
1
1
1
1
0
0
0
0
1
0
0
0
0
0
0
0
0
0
0
0
0
0
0
1
1
1
1
1
1
1
1
1
1
1
1
1
1
1
1
1
1
1
1
1
1
1
1
1
1
1
1
1
1
1
2
1
1
1
1
1
1
1
1
1
1
-8
2
-7
2
-7
1
1
1
1
1
1
2
2
2
2
2
2
1
1
2
2
2
1
2
2
1
2
2
1
1
2
1
1
2
2
2
2
2
2
2
2
2
2
2
2
2
2
2
2
2
2
2
2
2
2
2
2
2
2
1
-8
2
1
1
1
1
1
-8
1
2
1
1
1
1
1
1
1
1
-8
1
0
1
1
1
1
2
1
1
1
1
1
1
1
1
-8
-17
-26
-35
36
27
18
9
0
0
0
-1
0
0
0
0
0
0
0
0
0
0
0
0
0
0
0
0
-9
-18
-27
-36
-45
-54
62
53
44
35
26
17
8
-1
-1
-1
-1
-10
-19
-28
-37
-46
-55
-64
-73
-82
-91
-100
-109
-118
-127
-136
-145
-154
-163
-172
-181
184
175
166
157
148
139
130
121
112
103
94
85
76
67
57
49
40
31
22
13
4
4
3
4
4
4
4
-5
4
-4
4
5
-4
-4
-4
-2
-12
-20
-29
-38
-47
-56
-65
-74
-84
-92
-101
-110
-119
-128
-138
130
121
112
103
94
85
76
67
58
48
40
31
22
13
4
5
-22
-30
-39
-57
-76
68
60
50
41
33
-4
-22
-30
-39
-48
-57
-66
-75
77
68
59
41
32
22
13
4
5
-4
-4
-4
-4
-3
-4
-3
-4
-3
-3
-3
-3
-3
-2
7
-2
-2
-2
-2
-2
-2
-2
-2
7
-2
-3
-3
-2
7
-2
7
-2
-2
-2
-2
-2
-2
-11
-20
-29
-38
-47
-56
-65
-74
-83
-101
-119
-128
-136
-146
-155
-164
-181
-190
-199
204
194
186
177
168
159
150
141
132
123
114
105
95
87
78
69
51
42
32
23
14
5
-3
-3
-3
-3
-3
-3
-3
-3
-3
-3
-3
-3
-3
-3
-3
-3
-3
-3
-3
-3
-3
-3
-3
-3
-3
-3
-3
-3
-3
-3
-3
-3
-3
-3
-3
-3
-3
-3
-3
-3
-3
-3
-3
-3
-4
-3
-3
-3
-3
-3
-4
-3
-3
-3
-4
-4
-4
-4
-4
-4
-3
-2
-4
-3
-3
-3
-3
-3
-3
-3
-3
6
-3
-3
-3
-3
-3
-3
-3
-3
-3
-3
-3
-3
-3
-3
-3
-3
-3
-3
-3
-3
-3
-3
-3
-3
-3
-3
-3
-3
-3
-3
-2
-2
-2
-2
-3
-3
-3
-3
-3
-3
-4
-4
-4
-4
-4
-4
-3
-3
-3
-3
-3
-3
6
-3
-3
-3
-3
-3
-3
-3
-4
-3
-3
-3
-3
-3
-3
-3
-3
-3
-3
-3
-3
-3
-3
-3
-2
-3
-3
-3
-3
-3
-3
-3
-2
-3
-3
-3
-3
-3
-3
-3
-3
-3
-3
-3
-3
-3
-3
-3
-3
-3
-3
-3
-12
-21
-30
33
24
15
6
-3
-3
-3
-3
-3
-3
-4
-3
-3
-3
-3
-3
-3
-3
-3
-3
-3
-3
-3
7
-2
-2
-2
-2
-1
-1
7
-2
-1
-2
-2
-2
-2
-2
-2
-2
-1
-2
-2
7
-1
-2
-2
-2
-11
7
-2
-2
-2
-2
-2
-1
-2
-2
-2
-2
-2
-2
-2
-2
-2
-2
-2
-2
-2
-2
-2
-2
-2
-2
-2
-2
-2
-2
-2
-2
-1
-2
-2
7
8
-1
0
0
0
0
0
-1
0
0
0
-1
0
-1
-1
-1
0
0
0
0
0
0
0
0
0
0
-1
8
-1
8
-1
0
0
0
8
-1
-1
-1
-1
-1
-1
-1
-1
-1
-1
-1
-1
-1
-1
8
-1
0
0
1
1
1
0
0
0
0
1
0
0
0
1
1
0
0
1
1
1
1
1
1
1
2
1
0
0
0
1
1
1
1
1
1
1
0
1
1
0
1
1
1
1
1
1
1
1
-8
1
1
1
1
1
1
1
1
1
1
1
1
1
1
1
-8
10
1
-8
-17
-26
28
19
10
1
-8
-17
-26
-35
-44
-53
-62
-71
-80
-89
-98
101
92
83
74
65
56
47
37
29
11
2
-7
-16
-25
-34
-43
-52
-61
-70
-79
-88
-97
-106
-115
-124
-133
-142
-151
-160
154
145
136
127
118
109
100
91
82
73
64
55
46
37
28
19
10
1
-8
-17
-26
-35
-44
-53
-62
-71
-80
83
74
65
56
47
38
29
20
11
2
-7
-16
-25
-34
-42
-52
-61
-70
-79
-88
-97
-106
-115
-124
-133
-142
-151
-159
-169
-177
-186
-195
-214
-223
-232
-241
-250
-259
-268
-277
-286
-295
-304
300
291
274
265
256
247
238
229
220
210
202
193
184
175
166
157
148
138
120
112
103
94
85
76
67
58
49
40
31
3
-5
4
12
3
3
3
3
4
3
-5
-14
-32
39
31
12
4
4
4
4
4
3
4
4
4
3
3
3
4
5
4
4
4
4
4
4
4
4
4
5
4
4
4
4
4
5
-4
-5
5
-4
4
4
4
4
4
4
4
4
4
4
5
4
4
-5
5
-4
4
4
4
4
4
4
-23
21
12
3
3
5
-49
-5
14
5
-13
-31
-40
-49
58
49
40
31
22
13
4
4
4
4
-4
-4
-4
-4
-4
-4
-4
-4
-4
-3
-4
-4
-3
-4
-4
-4
-4
-4
-3
-4
-4
-4
-4
-13
5
-4
-13
14
5
-4
-13
-31
-40
-49
-58
61
52
43
25
-2
-11
-20
-29
-48
-56
-65
-75
-84
-92
-110
-120
115
106
97
88
79
70
61
52
43
34
25
17
7
-2
-2
-2
-11
-20
-29
-38
-47
-56
-65
-74
-83
-92
-101
-110
-119
122
113
104
95
86
77
69
59
50
41
33
24
15
-3
-12
-21
-30
-39
-48
-57
-66
69
60
51
42
33
24
15
6
-3
6
-3
-3
-3
-3
-3
-3
-3
-3
-3
-3
-3
6
-3
-3
-12
-21
-30
32
23
14
5
-4
-4
-4
-4
-4
-4
-4
-4
-4
-4
-4
-4
-4
-4
-4
-4
-4
5
-4
5
-4
-4
-13
5
-4
5
-4
-4
-4
-4
-4
-4
-4
-4
-13
5
-4
4
-5
-14
-23
-32
40
31
22
13
4
-5
-14
-22
-32
50
41
32
23
14
5
-4
-4
-4
-4
-13
-22
-31
-40
-49
-58
-66
-93
-103
-112
-121
-130
-139
-148
-157
-166
-175
-184
178
169
160
151
142
124
115
107
97
79
62
53
44
35
26
8
-1
-10
8
-1
-2
-2
-2
-1
8
8
-10
7
-2
-2
-2
-10
8
-1
-1
-1
-1
-1
-10
7
-2
-1
-1
-2
-2
-1
-11
-19
26
17
8
-1
-10
-28
-37
-47
-55
-64
-73
-82
-91
-100
-109
-118
-127
-136
142
133
124
115
106
97
88
79
70
61
52
43
34
25
16
7
-2
-2
-2
-2
-2
-2
-2
-2
-2
-2
-2
-11
16
7
-2
-2
-4
-2
-2
-2
-2
-2
-2
-2
-2
-2
-11
7
-2
-11
-20
-29
-38
-47
-56
-65
71
62
-10
-46
-226
-299
120
49
30
-212
-221
-239
-256
-275
-284
-319
-329
-337
-347
-391
-401
-410
-419
-428
-437
-446
-455
86
59
50
41
32
23
14
4
-5
-14
-23
-32
-41
-50
-59
-68
-77
-86
-95
-113
-122
112
85
76
58
49
40
31
22
13
-5
-14
-32
-95
-33
-1
-1
-2
-1
-1
-1
-1
-1
-1
-2
-2
-2
-2
-2
-2
-2
-1
-1
-1
-1
-1
-1
0
-1
-1
-1
-1
-1
-1
-1
-1
-1
-1
0
0
-1
-1
-1
-1
-1
-1
-1
-1
-1
-1
-1
-1
-1
-1
-2
-2
-2
-2
-2
-2
-2
-2
-1
-1
-1
8
-2
-1
-2
-2
-2
-2
-2
-2
-2
-2
-2
-2
-2
-2
-2
-3
-2
-2
-3
-2
-2
-3
-3
-4
-3
-3
-3
-3
-3
-3
-3
-3
-3
-3
-2
-2
-2
-2
-2
-2
-2
-2
6
-3
-3
-3
-3
-3
-3
-3
-3
-3
-3
-3
-3
-2
-2
-3
-3
-3
-3
1
1
1
1
1
1
1
1
1
1
1
1
2
2
3
3
3
3
3
4
4
4
4
5
-4
-4
-4
-4
-4
-4
-4
-4
-4
-3
-3
-3
-3
-3
-3
-3
-3
-3
-3
-3
-3
-3
-3
-3
-3
-3
-3
-3
-3
-3
-3
-3
6
-3
7
-2
6
-3
-3
-3
-3
-3
-3
-3
-3
-3
-2
-3
-3
-3
-3
-3
-3
-3
-4
-3
-3
-3
-4
-4
-3
-3
-4
-4
-4
-4
-4
-4
-4
-4
-4
-4
-4
-4
-4
-4
-4
-4
-4
-3
-3
-4
-3
-4
-3
-2
-2
-1
-2
-2
-2
-2
-2
-2
-2
-2
-3
-3
-3
-3
-3
-2
-2
-2
-2
-2
-2
-2
-2
-2
-2
-2
-2
-1
-1
-1
-1
-1
0
-1
-1
-1
-1
-1
-1
-1
-1
-1
-1
-1
-1
-2
-2
-2
-2
-2
-2
-2
-1
-1
-1
-2
-2
-2
-2
-2
-2
-2
-2
-2
-2
-2
-2
-2
-2
-2
-2
-1
-1
-1
-1
-1
-1
-1
-1
-1
-10
8
-1
-1
-1
-1
7
-2
-3
-3
-3
-3
-3
-3
-3
-3
-3
-3
-3
-3
-3
-3
-3
-2
-2
-2
-2
-2
-2
-2
-2
-2
-2
-2
-2
-2
-2
-2
-2
-2
-2
-2
-2
-2
-2
-2
-2
-2
-2
-2
-1
-2
-2
-2
-2
-1
-2
-1
-1
-1
-1
-1
-1
-1
8
-1
-1
-2
-3
-3
-2
-2
-2
-2
-1
-1
-1
-1
-1
-1
-1
-1
-1
-1
-1
-1
-1
-1
0
0
0
0
0
0
0
0
0
0
0
0
0
0
0
0
0
0
0
0
0
0
0
0
0
0
0
0
0
0
0
0
0
0
0
0
0
0
0
0
0
0
0
0
0
0
0
0
0
0
0
0
0
0
0
0
0
0
-9
1
1
1
1
1
1
1
1
1
1
1
1
1
1
1
1
1
1
1
0
0
0
0
0
0
0
0
0
0
1
1
1
1
1
1
1
1
1
1
1
1
1
1
1
1
1
1
1
1
2
3
3
3
3
3
3
3
3
3
-6
4
4
3
-6
3
3
3
3
3
3
3
3
3
3
3
3
3
3
3
3
3
3
4
3
4
4
4
3
4
4
4
4
4
4
4
4
4
4
4
4
4
4
4
4
4
4
4
4
4
4
4
4
4
4
4
4
4
4
4
4
4
4
4
4
3
3
3
3
3
4
4
4
4
4
4
4
4
4
4
4
-5
-14
-23
20
11
2
2
2
3
3
3
3
3
3
3
3
2
1
1
2
2
2
2
2
2
2
2
2
2
3
3
3
3
2
2
2
1
1
1
1
1
2
2
2
2
3
3
4
-5
-14
-23
16
7
-2
-2
-1
-1
9
0
0
0
1
1
1
1
0
0
0
0
0
0
0
0
0
1
1
1
2
2
2
2
2
2
2
1
1
1
1
1
1
1
1
1
2
2
2
2
2
2
2
2
2
2
1
1
1
1
1
1
1
1
1
0
0
0
0
0
0
0
0
0
1
1
1
1
1
1
1
1
1
1
1
1
1
1
1
1
1
1
1
1
1
1
1
1
1
2
2
1
1
1
1
1
1
1
1
1
1
1
1
1
2
1
2
2
2
2
2
2
2
2
3
3
3
2
2
2
2
2
2
2
2
2
1
1
1
1
3
3
3
4
3
4
3
4
3
2
2
2
2
2
2
2
2
2
2
2
3
3
3
3
3
3
2
2
2
2
2
2
3
3
-6
11
2
2
2
2
3
-6
2
2
3
2
2
2
2
2
2
2
2
2
2
2
2
2
2
2
2
2
2
2
2
2
2
2
2
2
2
2
2
2
2
2
1
1
1
1
1
2
2
2
2
2
3
2
2
2
2
2
2
2
2
2
2
2
2
2
2
2
3
2
2
3
2
2
2
2
2
2
2
2
2
2
2
2
2
2
2
2
2
2
2
2
3
3
3
3
3
3
3
3
3
3
3
3
3
3
3
3
3
3
3
3
3
3
3
3
3
3
3
3
3
3
3
3
3
3
3
3
3
3
3
3
3
3
3
3
3
3
3
3
3
3
3
3
3
3
3
3
3
3
3
3
2
3
2
2
2
2
2
-7
2
3
3
3
3
3
3
3
3
3
3
2
3
3
-6
3
3
3
3
3
3
3
3
3
3
3
3
3
3
4
4
4
4
4
4
4
4
4
4
4
4
4
4
4
4
4
4
4
4
4
4
4
4
4
4
4
4
4
4
3
3
3
3
3
3
3
3
3
3
4
4
4
4
4
4
4
4
3
3
3
3
3
3
3
3
3
3
3
3
3
3
3
3
3
3
3
3
3
3
3
3
3
3
3
3
3
3
3
3
3
3
3
3
2
3
3
2
2
2
2
2
2
2
2
2
2
3
3
3
3
2
3
2
2
2
2
2
2
2
3
3
3
2
2
2
2
3
2
3
3
3
3
3
3
3
3
3
3
3
3
3
3
3
2
2
2
2
2
2
2
2
2
2
2
2
2
2
2
2
2
2
2
2
2
2
2
2
2
2
2
2
2
2
2
1
1
1
1
1
1
1
2
2
1
1
1
1
1
1
0
0
0
0
0
0
0
0
0
0
0
0
0
0
0
0
0
0
0
0
0
0
0
0
0
1
1
1
1
0
0
0
0
0
0
0
0
0
0
0
0
0
0
0
0
0
0
0
0
0
0
0
0
0
0
0
0
0
0
0
0
0
0
0
0
0
0
0
0
0
0
0
0
0
0
0
0
0
0
0
0
0
0
0
0
0
0
0
0
0
0
0
0
0
0
0
0
0
0
0
0
0
0
0
0
0
0
0
0
0
0
0
0
0
0
0
8
-1
-1
-1
-1
-1
-1
0
0
0
0
0
0
0
0
0
0
0
0
0
0
0
0
0
0
0
0
0
0
0
-1
-1
-1
-1
-1
-1
-1
-1
-1
1
1
1
1
1
1
0
0
0
0
0
0
0
0
1
1
1
0
0
1
0
-1
0
-1
0
0
0
0
0
0
0
0
0
-1
-1
-1
-1
-1
-1
-1
-1
-1
-1
-1
-59296
50486
-1
-1
-1
-1
-1
-2
-2
-1
-1
-1
-1
-1
-1
-1
-1
-1
-1
-1
-1
-2
-1
-1
-1
-1
-1
-1
-1
-1
-1
-1
-1
-1
-1
-1
-1
-1
0
-2
7
-2
-2
-2
-2
-2
-2
-1
-2
-2
-2
-2
-2
-2
-2
-1
-1
-1
-1
-1
-1
-1
-2
-2
-2
-2
-2
-2
-2
-2
-2
-2
-2
-2
-2
-2
-2
-2
-2
-2
-3
-3
-3
-3
-3
-3
-3
-3
-3
-3
-3
-3
-3
-3
-3
-3
-3
-3
-3
-3
-3
-3
-3
-3
-3
-3
-3
-3
-3
-3
-3
-3
-3
-3
-3
-3
-3
-3
-3
-3
-3
7
-2
-1
-1
-1
-1
0
0
0
-1
-1
-1
-1
-1
-1
-2
9
-1
-1
5
-4
-4
-4
-4
-3
-3
-3
-3
-3
-3
-2
-2
-2
-11
18
9
-2
-10
-19
24
15
6
-3
-3
-3
7
-2
-2
-2
-2
-2
-2
-2
-2
-2
-2
-2
-2
-3
-3
-3
-3
-3
-3
-3
-3
-3
-3
-3
-3
-3
-3
-3
-3
-3
-3
-4
-4
-4
-3
-2
-2
-2
-2
-2
-3
-3
-3
-3
-3
-3
-3
-4
-3
-4
-3
-3
-3
-3
-3
-3
-2
-2
-2
-2
-2
-1
-1
-1
-1
-1
0
0
-1
-1
-1
-1
-1
-1
-1
-1
-1
-1
-1
-1
-1
-1
-1
-1
-1
-1
-1
-1
-1
-1
-1
-1
0
-1
0
0
0
0
0
0
0
0
9
0
0
0
0
0
0
0
0
0
0
0
0
0
0
0
0
0
0
0
0
0
0
0
0
0
0
-1
-1
-1
-1
-1
-1
0
0
0
0
0
0
0
0
0
0
0
0
0
0
0
-1
0
0
0
0
-1
-2
-2
-2
-2
-2
-2
-2
-2
-2
-1
-2
-2
-2
-2
-2
-2
7
-2
-1
-1
-1
-1
-1
-1
-1
-1
-1
-1
-1
-1
-2
-1
-1
-1
-1
-1
-1
-1
-1
-1
-1
-1
-1
-1
-1
-1
-2
-2
-2
-2
-2
-2
-2
-2
-2
-2
-2
8
-1
-1
-1
-2
-1
-1
-1
0
0
0
0
0
0
0
0
0
0
0
0
0
1
-8
1
1
1
1
1
-8
0
0
0
0
0
0
0
0
0
0
0
0
0
0
0
0
0
0
0
0
0
0
0
0
0
0
0
0
0
0
0
0
0
0
0
0
0
0
0
0
0
0
0
0
1
1
1
1
1
1
1
1
1
1
1
1
1
1
1
1
1
1
1
1
1
1
1
1
1
1
1
1
1
1
1
1
1
1
1
1
1
1
1
1
1
1
1
1
1
1
1
1
1
1
1
1
1
1
1
1
1
1
1
1
1
1
3
3
3
3
3
3
3
3
3
3
3
3
3
3
3
3
3
3
3
3
3
3
3
3
3
3
3
3
3
3
3
3
3
3
3
3
3
3
3
3
3
3
3
3
3
3
3
3
3
3
3
2
2
2
2
2
2
2
3
2
2
2
2
2
2
2
2
2
2
2
2
2
2
2
2
3
3
3
3
3
3
3
3
3
3
2
2
2
2
2
2
2
2
2
2
2
2
2
2
2
2
2
2
2
2
2
2
2
2
2
2
2
2
3
-6
3
-6
2
2
2
2
2
2
2
2
2
3
3
3
3
3
3
3
3
3
3
3
3
2
2
2
2
2
2
2
2
2
3
3
3
3
3
3
2
2
2
2
2
2
2
2
2
3
3
3
3
2
2
2
2
2
2
2
2
2
2
2
2
2
2
2
1
1
1
1
1
1
1
1
1
1
1
2
2
1
0
0
0
0
0
0
0
0
0
0
0
8
-1
0
0
0
0
0
0
0
1
0
0
0
0
0
0
0
0
0
0
0
0
0
0
0
0
0
0
0
0
0
0
0
0
0
0
0
0
0
0
0
0
0
0
0
0
0
0
1
1
1
1
1
1
1
1
1
1
1
1
1
1
1
-8
1
1
0
0
0
0
0
0
1
1
1
1
1
1
1
1
1
0
0
0
0
0
0
0
0
0
0
0
1
1
1
1
1
1
1
1
1
1
1
1
1
1
1
1
1
1
1
1
1
1
1
1
1
1
1
1
1
1
1
1
1
1
1
1
1
1
1
1
1
1
1
1
1
1
1
1
1
1
1
1
1
1
1
1
1
1
1
1
1
0
0
0
0
0
0
0
0
0
0
0
0
0
0
0
0
0
0
0
0
0
0
0
1
1
1
1
1
1
1
1
1
1
1
1
1
1
1
1
1
1
1
1
1
1
1
1
1
1
1
1
1
1
1
1
1
1
1
1
1
1
1
1
1
1
2
2
2
2
2
2
2
2
2
2
2
1
1
1
1
1
1
1
1
1
1
1
1
1
2
2
2
2
2
2
2
2
2
2
2
2
2
2
2
2
2
2
2
2
2
2
2
2
2
2
2
2
2
2
2
2
-7
2
2
2
-7
3
3
3
3
2
2
2
2
2
3
3
3
3
3
3
3
3
3
3
3
3
3
3
3
3
3
3
3
3
3
3
4
4
4
4
3
3
3
3
3
3
3
3
3
3
3
3
3
3
3
3
3
3
3
3
3
3
3
3
3
3
3
3
3
3
3
3
3
3
2
2
3
3
3
3
3
3
3
2
2
2
2
2
2
2
2
2
2
2
2
2
2
2
2
2
2
2
2
2
2
2
2
2
2
2
2
3
2
2
3
3
3
3
2
2
2
2
2
2
2
2
2
2
2
2
2
2
2
2
2
2
3
3
3
3
3
3
3
3
3
3
3
3
3
3
3
3
3
3
3
3
3
3
3
3
3
3
3
3
3
3
3
2
2
2
2
2
2
2
2
2
2
2
2
2
1
1
1
1
1
1
1
1
1
1
1
1
2
2
2
2
1
1
1
1
1
1
1
1
1
0
1
0
9
0
0
0
0
0
0
0
0
0
0
0
0
0
0
0
0
0
-1
-1
-1
-1
-1
-1
-1
-1
-1
-1
-1
-1
0
0
0
0
0
-9
1
1
1
-8
0
0
0
0
0
0
0
0
0
0
0
0
0
0
0
0
0
0
0
0
0
0
0
0
0
0
0
0
0
0
0
0
0
0
1
1
0
0
0
0
0
-1
0
-1
-1
-1
0
0
0
0
9
0
1
1
1
1
0
0
0
0
0
0
0
0
0
0
0
0
0
0
0
0
0
0
0
0
0
0
0
0
0
0
0
0
0
0
8
-1
-1
-1
-1
-1
8
-1
-1
9
0
0
0
-1
0
0
0
0
0
0
0
0
-9
1
0
0
0
0
1
0
-1
-1
-1
-1
8
-1
0
-1
0
-9
-18
-27
-36
-45
-54
-63
-72
-81
-90
-99
-108
-117
-126
-135
-144
-153
-162
-171
-180
186
177
168
159
150
141
132
123
114
105
96
87
78
69
60
51
42
33
24
15
6
-3
-4
-4
-4
-4
-4
-4
-4
-3
-3
-3
-3
-3
-12
-21
30
21
12
3
3
3
3
3
3
3
4
4
4
4
4
4
4
4
4
4
4
4
4
4
4
4
4
4
4
4
4
4
4
5
-4
4
4
4
3
3
3
3
3
3
3
3
3
3
3
3
3
3
3
3
3
3
3
3
3
3
3
3
3
3
3
4
-4
3
4
-5
3
3
-6
4
4
-4
4
-4
-4
-4
-4
-4
-4
4
4
4
4
4
4
4
4
4
-4
-4
-4
-4
-4
-4
-4
-4
-4
-4
-4
-4
-4
-4
4
4
4
4
4
3
3
3
3
3
4
4
4
4
4
4
3
3
3
3
3
3
3
3
3
3
3
3
3
3
3
4
3
4
4
4
4
4
4
4
4
4
4
4
4
4
4
4
4
4
4
4
4
4
4
4
4
4
4
4
4
4
-4
4
4
-4
-4
-4
-4
-4
-4
-4
-4
-4
-4
-4
-4
-4
-4
-4
-4
-4
-4
4
4
4
4
4
3
-5
3
4
3
-6
13
4
4
4
4
4
4
3
4
4
4
3
-6
2
5
4
-4
-4
-4
-4
-4
-4
-4
-4
-4
-4
4
4
4
4
4
3
4
4
3
4
4
4
4
4
4
4
4
4
4
4
4
4
4
4
4
4
4
3
4
4
3
4
3
4
4
4
4
4
4
4
4
4
4
4
5
3
3
3
3
3
3
3
3
3
4
4
4
4
4
4
4
3
3
3
3
3
4
3
4
4
4
4
4
4
4
4
4
4
3
3
3
3
3
3
3
3
-6
3
3
2
3
3
-7
2
2
2
2
2
2
2
2
2
2
2
2
2
2
3
2
3
2
2
2
2
2
2
2
2
2
2
2
2
2
2
2
1
1
2
1
1
1
3
3
3
3
3
3
3
3
3
3
4
4
4
4
4
4
4
4
4
4
4
4
4
4
3
3
4
3
3
3
3
3
3
3
3
3
3
3
3
3
3
3
3
3
2
4
3
4
4
4
3
3
3
3
3
3
3
3
3
3
3
3
4
4
4
4
4
4
4
4
4
4
2
2
2
2
2
2
2
3
3
3
3
3
3
-6
-15
11
2
2
2
2
2
2
2
2
2
2
2
2
2
2
2
2
2
2
2
3
2
2
2
2
2
2
3
2
2
2
2
2
2
2
2
2
-7
3
3
3
3
3
3
-6
3
3
2
-7
2
2
2
2
2
2
2
2
2
2
2
2
2
2
2
2
2
2
2
2
2
-7
1
-8
1
1
1
1
1
1
1
1
1
1
1
1
1
1
2
1
1
1
1
1
1
1
1
1
1
1
1
1
1
1
1
1
1
1
1
1
1
1
1
1
1
1
1
1
1
2
1
1
1
1
1
1
1
1
1
2
1
1
-8
-17
-25
-35
18
9
0
-9
9
0
1
9
0
0
0
0
0
0
0
0
0
0
0
-9
-18
-27
-36
35
26
17
8
-1
-1
-1
-1
-1
8
-1
0
0
0
0
1
1
1
1
-8
-17
-26
-35
-44
-53
-62
-71
-80
-89
-98
-107
109
100
91
82
73
64
55
46
37
28
19
10
1
1
2
2
-7
1
-8
-17
-26
-35
27
18
9
0
0
0
-9
1
1
1
1
1
1
1
1
1
1
1
1
1
1
1
1
1
1
1
1
1
1
1
1
-8
1
1
1
1
0
1
1
1
1
1
1
1
1
1
1
1
1
1
1
1
1
1
1
1
1
1
1
1
1
0
0
1
1
0
1
0
1
1
1
1
1
1
1
1
1
1
-8
-17
10
1
1
1
1
1
1
1
1
1
1
-8
-17
9
0
0
0
0
0
0
0
0
0
0
1
1
1
1
1
1
1
1
1
1
1
1
1
1
0
0
0
0
0
0
0
0
0
0
0
0
0
0
0
-9
1
1
-7
10
1
1
1
1
-8
-18
-27
35
26
17
8
-1
-1
-1
-1
0
0
0
0
0
0
0
9
0
1
1
1
1
1
1
1
1
1
0
1
0
0
1
-8
0
1
1
1
1
0
0
0
0
0
1
1
0
1
1
0
0
0
1
0
0
0
0
-1
-1
-1
-1
-1
-1
-1
8
-1
-1
-1
-1
-1
-1
-1
0
0
-1
-1
0
-1
0
-1
0
0
0
0
0
-1
0
9
0
0
0
0
0
0
0
0
0
0
0
0
0
0
0
0
0
-9
1
1
1
1
1
1
1
2
2
2
2
2
2
2
2
2
2
2
2
2
2
2
2
2
2
2
2
1
2
1
1
1
1
2
2
2
2
2
2
3
2
2
2
2
-7
2
1
1
2
2
2
2
3
1
2
3
3
3
-6
3
2
-7
3
3
2
2
3
2
2
2
2
2
2
2
2
2
2
2
2
2
2
2
3
2
2
2
2
2
2
2
2
2
2
2
3
1
2
2
2
2
2
2
2
2
2
-7
2
2
2
3
2
3
2
1
1
2
2
2
2
2
2
2
2
2
2
2
2
2
-7
2
2
2
2
2
2
2
2
2
2
2
2
2
2
2
2
2
-7
2
2
2
2
2
2
2
2
2
2
2
3
2
2
2
-7
11
2
-7
2
3
2
3
3
-6
-15
-24
-33
-42
-51
-60
-69
-78
-87
-96
-105
-114
-123
-132
-141
138
129
120
111
102
93
84
75
66
57
48
39
30
21
12
3
-6
-15
-24
-33
-42
49
40
31
22
13
4
4
-5
-14
-23
-31
-49
-58
-67
-76
-85
-94
-103
-112
-121
-130
-139
-148
-157
-166
175
166
148
139
130
121
112
104
95
86
77
68
59
50
41
32
23
14
4
-14
-32
7
-2
-2
-2
-2
-2
-3
-3
-3
-4
-2
-2
-2
-2
-2
-2
-2
-2
-2
-2
-2
-2
-3
-3
-3
-3
-3
-3
-3
-3
-3
-3
-3
-3
-3
-2
-2
-2
-2
-2
-3
-3
-3
-2
-2
-2
-2
-2
-2
-2
-2
-2
-3
-3
-3
-2
-2
-3
-3
-2
-3
0
0
0
9
0
1
8
-1
-10
-19
-28
-37
-72
-82
-91
99
90
81
72
63
54
45
36
27
18
9
0
0
0
1
1
1
0
-8
-18
-26
28
19
10
1
1
1
1
1
1
1
1
1
-8
-17
-26
-36
-45
36
27
18
9
0
0
0
0
1
0
0
0
0
0
1
0
0
0
0
0
9
0
-9
-18
-27
-36
-45
-54
-63
-72
-81
-98
-134
-144
-152
-161
-171
-179
-268
-377
425
183
174
155
146
138
128
-6
-195
-222
-240
-249
-258
-267
-276
-294
-303
-312
294
285
277
267
258
249
240
70
61
52
-2
-1
-2
-1
-1
-1
-1
-1
-1
-1
-1
-1
-2
-1
-1
-1
-1
-1
-1
-1
-1
-1
-1
-1
-1
-1
-1
-1
-1
-1
-2
-2
-1
-1
-1
-1
-1
-5
15
3
-895
3944
-33421
-63641
2229
1363
956
789
622
309
-1
-1
-1
-1
-2
-1
-1
-1
-1
-1
-1
-2
-2
-2
-1
-1
-1
-1
8
-1
-2
-2
-1
-1
-1
-1
-1
-1
-1
-1
-1
-1
0
-1
-1
-1
-1
-1
-1
-1
-1
-1
-1
-2
-2
-2
-2
-2
-2
-2
-2
-1
-1
-1
-1
-1
-1
9
0
8
-2
-2
-2
-2
-2
-2
-2
-2
-2
-2
-2
-2
-2
-2
-2
-2
-2
-2
-2
-3
-3
-3
-3
-3
-3
-3
-3
-3
-3
-3
-3
-3
-3
-2
-2
7
-2
-2
-2
-3
-3
-3
-3
-3
-3
-3
-3
-3
-3
-3
-3
-3
-3
-3
7
-2
-2
-2
-2
-1
0
0
1
0
1
0
0
0
1
0
1
1
1
1
2
2
3
3
3
4
4
4
4
4
5
-4
-4
-4
-4
-4
-4
-4
-4
-4
-3
-3
-3
7
-2
7
-2
-2
-2
-1
6
-3
-3
-3
-3
-3
-3
-3
-3
-3
-3
-2
-2
-2
-3
7
-2
-3
-3
-3
-3
-3
-3
-4
-4
-4
-4
-4
-4
-4
-4
-4
-4
-4
-4
-4
4
4
4
4
4
3
4
4
4
4
4
4
4
4
4
4
4
4
4
5
-4
4
4
4
4
4
-4
-4
4
-4
-4
-4
-4
-3
-3
-3
-3
-3
-3
-2
-3
-3
-3
-4
-4
-4
-4
-3
-3
-3
-3
-3
-3
-3
-3
-3
-3
-3
-3
-2
-3
-3
-2
-2
-2
-1
0
-1
-1
-1
-1
-1
-1
-1
-1
-1
-1
-2
-3
-2
-2
-2
-2
-2
-2
-2
-2
-2
-2
-2
-2
-2
-2
-2
-2
-2
-2
-2
-2
-2
-2
-2
-2
-2
-2
-2
-2
-2
-2
-2
-3
-3
-3
-3
-3
-3
-3
-3
-3
-3
-3
-3
-3
-3
-3
-3
-3
-3
-3
-3
-3
-3
-3
-3
-3
-3
-3
-3
-3
-3
-3
-3
-3
-3
-3
-3
-3
-3
-3
-2
-2
-2
-2
-2
-2
-2
-2
-2
-2
-2
-2
-2
-2
-2
-2
-2
-2
-2
-2
-2
-2
-2
-2
-2
-2
-2
-2
-2
-3
-3
-3
-3
-3
-2
-2
-3
-3
-3
-3
-4
-4
-3
-3
-3
-3
-1
-1
-1
-1
-1
-1
-1
-2
-1
0
0
0
0
0
0
0
-1
0
0
0
0
0
0
0
0
0
0
0
0
0
-1
-1
-1
-1
-1
-1
-1
-1
-1
-1
-1
0
-1
-1
-1
-1
0
0
0
0
0
0
0
0
1
1
1
1
1
1
1
1
1
1
1
1
1
1
1
1
1
1
1
1
1
1
1
1
1
1
1
1
1
1
1
1
1
1
1
1
1
1
1
1
1
1
1
1
1
1
1
1
1
1
1
1
1
1
1
1
1
1
2
-7
10
1
2
2
2
2
3
3
3
3
3
3
3
3
3
3
3
3
3
3
3
3
3
3
3
3
3
3
3
3
3
3
3
3
3
3
3
3
3
3
3
3
3
3
3
3
3
3
3
3
3
2
3
2
2
2
2
2
2
2
2
2
2
2
2
2
2
2
2
2
2
2
2
2
2
2
2
2
2
2
2
2
2
2
3
3
3
3
3
3
3
3
3
3
3
2
2
2
2
2
2
2
2
2
2
2
2
2
2
2
2
2
2
2
2
2
2
2
2
2
2
2
2
2
2
2
2
2
2
2
2
2
2
2
2
2
2
2
3
3
3
3
3
3
-6
-15
19
10
1
-8
1
1
1
1
1
2
2
2
2
2
2
2
1
1
-8
1
2
2
2
2
2
2
2
2
2
2
2
2
1
1
1
1
1
1
2
1
1
1
1
1
1
1
2
1
1
1
1
1
1
1
1
1
1
1
1
-8
1
1
1
-8
0
0
0
0
0
0
0
0
1
1
-8
1
1
1
1
1
1
1
1
1
1
1
1
1
-8
1
1
-8
0
0
0
0
0
1
1
1
1
0
0
0
0
0
0
1
1
1
1
1
1
1
1
1
1
1
1
1
1
1
1
1
1
1
1
1
1
1
1
1
1
1
1
1
1
1
1
1
1
1
1
1
1
1
1
1
1
1
1
1
1
-8
9
0
0
0
0
0
0
0
0
1
1
2
2
2
2
2
2
2
2
2
2
2
2
2
2
1
2
1
1
1
1
1
1
1
1
1
1
1
1
0
1
0
0
0
0
1
1
1
2
2
2
2
2
2
2
2
1
0
1
0
0
0
0
0
0
0
0
0
0
1
1
1
1
1
1
1
1
1
1
1
1
1
1
1
1
1
1
1
1
1
1
1
1
1
1
1
1
1
1
1
1
1
1
1
1
1
1
1
1
1
1
1
1
1
1
1
1
1
1
1
1
2
2
2
2
2
2
2
2
2
2
2
2
2
2
2
2
2
1
1
2
2
2
2
2
2
2
1
2
2
2
2
2
2
2
2
2
2
2
2
2
2
2
2
2
2
2
2
2
2
2
2
2
2
2
2
2
2
2
2
2
2
2
2
2
2
2
2
2
2
2
2
2
2
2
2
2
2
2
2
2
2
2
2
2
2
2
2
2
2
3
3
3
3
3
3
2
3
3
3
-6
4
4
3
3
3
3
3
3
3
3
3
3
3
3
3
2
3
3
3
3
3
3
3
3
3
3
3
3
3
3
3
3
3
3
3
3
3
3
3
3
3
3
3
3
3
-6
3
2
3
3
3
3
3
3
3
3
3
3
3
3
3
3
3
3
3
3
3
3
3
3
3
3
3
3
3
3
3
3
-6
2
2
2
2
-7
2
3
3
3
3
3
3
3
3
3
3
3
3
3
3
3
3
3
3
3
3
3
3
3
3
3
3
3
3
3
3
3
3
3
3
3
3
3
-6
2
2
2
2
2
2
2
2
2
2
2
2
2
2
2
2
2
2
2
2
2
2
2
1
1
1
1
1
1
1
1
1
1
1
1
1
1
1
1
1
1
0
0
0
0
0
1
0
0
-1
0
0
0
0
0
0
0
0
0
0
0
0
0
0
0
-1
0
0
0
0
0
0
0
0
-1
-1
-1
-1
-1
-1
0
9
0
0
0
0
0
0
0
0
0
0
9
0
0
0
-1
-1
-1
-1
0
-1
-1
-1
-1
-1
-1
-1
-1
-1
0
0
0
0
0
0
0
0
0
0
0
0
0
0
0
0
1
1
1
0
0
0
0
0
0
0
0
0
0
0
0
0
0
0
0
1
0
0
0
0
1
1
1
1
1
0
-9
1
0
9
1
1
0
0
0
0
0
0
0
0
0
0
0
0
0
0
0
-2
-2
-2
-2
-1
-2
-2
-2
-3
-3
-2
-2
-2
-3
-3
-3
-4
-1
-1
-1
0
0
9
0
0
-1
-1
-1
0
-1
-1
-1
-1
-1
-1
-1
0
0
0
0
0
0
0
0
0
0
0
0
0
-1
0
0
0
-1
0
0
-1
-2
8
-1
-1
-1
-1
-2
7
-2
-2
-2
-2
-2
-2
-2
-2
-1
-1
-1
-1
-1
-1
-1
-1
-10
-19
-28
-37
-46
-55
-64
-73
-82
85
76
67
59
49
40
31
22
13
4
-5
4
4
4
5
-4
4
5
-4
-4
-4
-4
-4
-4
-4
-4
-4
-4
-4
-4
-4
-4
4
4
4
4
4
4
4
4
4
4
4
4
4
4
4
4
4
4
4
4
4
4
4
4
4
4
4
4
4
4
4
4
4
4
4
4
4
4
4
4
4
4
4
4
4
4
4
4
4
4
4
4
4
4
3
4
-5
12
3
3
3
3
3
3
3
3
3
3
3
3
3
3
3
3
3
3
3
3
3
3
3
3
3
3
3
3
3
3
3
3
-6
3
2
3
3
3
3
3
3
3
3
3
3
3
3
3
3
3
3
3
3
-6
2
2
2
2
2
-7
2
3
3
3
3
3
3
3
3
3
3
2
2
2
2
-6
13
4
4
4
4
4
4
3
3
3
3
3
3
3
3
4
4
4
4
4
4
4
-5
3
3
3
3
3
3
3
3
3
3
3
3
3
3
3
3
3
3
3
2
3
3
2
2
-7
1
2
2
2
2
3
3
3
3
3
3
3
3
3
3
3
3
3
3
3
3
3
4
4
4
4
4
3
3
3
3
3
3
3
3
3
3
3
3
3
3
3
3
3
3
3
3
3
3
3
3
3
3
3
3
3
3
3
3
4
4
4
4
4
4
4
4
3
3
3
3
3
3
3
3
3
4
3
3
3
3
3
3
3
3
3
3
3
3
3
3
3
3
3
3
3
3
3
3
3
3
3
3
3
3
3
3
3
3
3
2
2
2
2
2
2
2
2
2
2
3
2
2
2
-7
2
2
2
2
2
2
2
2
2
2
2
2
2
2
2
2
2
2
2
2
2
2
2
2
2
2
2
2
2
2
2
2
2
2
2
2
2
2
2
2
2
2
2
2
2
2
2
2
2
2
2
2
3
3
3
3
3
3
3
3
3
3
3
3
3
3
3
3
3
3
3
3
3
3
3
3
3
3
3
2
3
3
2
2
2
2
2
2
2
2
2
2
2
2
2
2
2
2
2
3
3
3
3
3
3
3
3
3
3
2
2
3
3
3
3
3
3
3
3
3
3
3
3
3
3
3
3
3
3
3
3
2
2
2
2
2
2
2
2
3
3
3
3
3
2
3
3
3
3
3
-6
2
2
2
2
2
2
2
2
2
2
2
2
2
2
2
2
3
-6
3
3
3
3
3
2
3
3
3
-6
2
2
2
2
3
3
3
3
3
3
3
3
3
3
3
3
2
2
2
2
2
2
2
2
2
2
2
2
2
2
2
2
2
2
2
2
2
2
2
2
2
2
2
2
2
2
2
2
2
2
2
2
2
2
2
2
1
2
2
2
2
2
2
2
1
1
1
1
1
1
1
1
1
1
1
2
-7
1
-8
2
-7
2
-7
2
2
2
2
2
2
1
-8
1
2
2
2
2
2
2
2
2
2
2
2
-7
2
1
1
1
1
1
1
1
1
1
1
1
1
1
1
1
1
1
1
1
1
1
1
1
1
1
1
1
1
1
-8
1
1
1
1
1
1
1
1
1
1
1
1
1
1
1
2
2
2
2
2
2
2
1
1
1
1
1
1
1
1
1
1
1
1
1
1
1
1
1
1
1
1
1
1
1
1
-8
0
0
0
0
0
0
0
0
0
0
0
0
0
0
0
0
-9
1
1
1
1
1
1
0
0
0
0
1
0
0
0
9
0
0
0
1
0
0
1
0
0
0
0
1
1
1
1
1
-8
1
1
1
1
1
1
1
1
1
1
1
1
1
0
0
1
0
0
1
2
-7
-16
-25
-34
-43
36
27
18
9
0
0
1
1
1
1
1
1
1
1
1
-8
0
0
0
0
0
0
0
0
0
1
1
1
1
1
1
1
1
1
1
1
1
1
1
1
0
0
0
0
0
0
0
0
0
0
0
0
0
0
0
0
0
1
-8
-17
19
10
1
1
1
1
1
0
0
0
0
0
-1
0
0
0
-1
0
-1
0
0
0
0
0
0
0
0
0
0
0
-9
1
0
1
1
1
1
1
-26
34
25
16
7
-2
-2
-2
-1
-1
-2
-1
-1
-2
-2
-2
-2
-1
-2
-2
-1
-3
-2
-2
-2
-2
-2
-2
-2
-2
-2
-2
-2
-2
-2
-2
-2
-2
-2
-2
-2
-2
-3
-3
-3
-3
-3
-3
-3
-3
-2
-1
-1
-1
-1
-1
-1
-1
-1
-1
-1
-1
-1
-1
-1
-1
-1
-1
-1
-1
-1
0
0
0
0
0
-9
-18
-27
-36
-45
-54
-63
-72
-81
-90
-99
-108
-117
-126
-135
-144
148
140
130
121
112
103
94
85
76
67
58
49
40
31
22
13
4
-5
-14
-23
-32
-41
-50
-58
-68
-77
-86
-104
-113
-122
-131
-140
-149
-158
-167
-176
-185
-194
-203
-212
-230
-238
-284
-293
-302
-311
-320
-329
-338
-346
350
340
331
322
313
304
295
277
268
259
250
241
232
223
214
205
196
187
178
169
160
151
142
133
124
115
106
97
88
79
70
61
52
43
35
26
17
8
-2
0
0
64
55
46
37
28
19
10
1
1
1
0
1
-8
1
1
-8
2
2
2
1
2
2
-7
-16
-25
-34
-43
-52
-61
-70
-79
-88
-97
-106
-115
-124
-133
-142
-151
-160
-169
-178
-187
-196
-205
-214
-223
-232
231
222
213
204
195
186
177
168
159
150
141
131
114
105
96
87
78
69
51
-1
-1
-10
-19
16
7
-2
-11
7
-2
-3
-2
-2
-2
-2
-2
-2
-2
-1
-1
-1
8
4
4
-4
41
32
23
5
-4
-4
-13
-22
-31
-40
-49
-58
-67
67
58
49
41
31
23
5
-4
-4
-4
-4
-4
-4
-4
6
-3
-3
-3
-3
-4
-4
-4
-4
-4
-4
6
-3
-2
-3
-2
-4
-4
-4
-13
7
-2
-2
-2
-2
-2
-2
-2
-2
-2
-4
5
-4
-4
-13
-22
-49
-58
50
41
32
23
15
5
-3
-4
-4
-4
-3
-3
-3
-3
-3
-4
-4
-4
-4
-4
-4
-4
-4
-4
-4
-4
-4
4
-5
5
-4
-4
-4
-13
-22
-32
-40
-49
-58
-68
-77
-130
-175
178
169
160
141
133
124
115
97
87
70
61
52
43
34
25
16
7
-2
-1
-1
-1
-1
-1
18
0
-9
-18
-27
-36
-45
45
36
0
0
0
0
0
0
0
0
0
0
0
0
0
0
0
-9
18
9
0
0
0
0
0
0
0
0
-9
1
1
-8
1
1
1
1
1
1
0
1
1
-8
1
0
1
1
-8
1
1
1
1
1
1
1
1
1
1
1
1
0
-1
0
1
1
0
0
0
0
0
0
0
0
0
-25
33
3
3
3
345
921
902
758
-33
1067
-1
-1
-1
-1
-1
-1
-1
-1
-1
-2
-2
-2
-2
-2
-2
-2
-2
-1
-1
-1
-1
0
-1
-1
-1
-1
-1
-1
-1
-1
0
0
0
0
-1
-1
-1
-1
-1
-1
-1
-1
-1
-1
-1
-1
-1
-1
-1
-1
-1
-2
-2
-2
-2
-2
-1
0
0
0
0
-1
-1
-1
-1
-1
-1
-1
-1
-1
-1
-1
-1
-1
-1
-2
-2
-2
-2
-2
-3
-3
-3
-3
-4
-4
-3
-2
-2
-2
-2
-2
-2
-2
-2
-2
-2
-2
-2
-2
-2
-2
-2
-2
-2
-2
-2
-2
-3
-3
-3
-3
-3
-3
-2
-2
-2
2
-7
3
3
3
3
-7
1
1
1
1
1
2
2
3
3
3
3
4
4
4
5
-4
-4
-4
-4
-4
-4
-4
-3
6
-3
-3
-3
-3
-3
-3
-3
-3
-3
-3
-3
-3
-3
-3
-3
-2
-2
-2
-2
-3
-3
-3
-3
-3
-3
-3
-3
-3
-3
-3
-3
-3
-3
-3
-3
-4
-4
-4
-4
-4
-3
-3
-4
-4
-4
-4
-4
-4
-4
-4
-4
-4
-4
-4
-4
4
5
4
4
4
4
4
4
4
4
4
4
4
4
4
4
4
-5
5
-4
-4
-4
-4
-4
-4
-4
-4
-4
-4
-4
-4
-4
-4
-4
-4
-4
-4
-3
-3
-4
-4
-4
-4
-4
-4
-4
-4
-4
-4
-4
-4
-3
-3
-4
-4
-4
-4
-3
-4
-4
-4
-4
-4
-4
-2
-2
-2
-2
-2
-3
-3
-3
-3
-3
-3
-3
-3
-3
-3
-3
-3
-4
-3
-3
-3
-3
-3
-3
-3
7
-2
-2
-2
-2
-2
-2
-2
-3
-2
-2
-3
-3
-3
-3
-3
-3
-3
-3
-3
-3
-3
-3
-3
-3
-3
-3
-3
-3
-3
-3
-3
-3
-3
-3
-3
-3
-3
-3
-3
-3
-3
-3
-3
-3
-3
-3
-3
-3
-3
-3
-3
-3
-3
-3
-3
-3
-3
-3
-3
-3
-3
-3
-3
-3
-3
-3
-3
-3
7
-2
-2
-2
-2
-2
-2
-2
-2
-2
-2
-2
-2
-2
-2
-2
-2
-2
-2
-2
-2
-2
-2
-2
-4
-4
-4
-3
-3
-3
-3
-3
-3
-2
-2
-2
-2
-1
-1
-1
-1
-1
-1
-1
-1
-1
-1
-1
-1
-1
-1
7
-2
-2
-1
-1
-1
-1
-1
-1
-1
-1
-1
-1
-1
-1
-2
-2
-2
-1
-1
-1
-1
-1
-1
-1
-1
-1
0
0
0
0
0
0
0
0
0
0
0
0
0
0
0
0
0
0
0
0
0
0
0
0
0
0
0
0
0
0
0
0
0
1
0
0
0
0
0
0
0
0
1
1
1
1
0
1
0
0
0
0
0
0
0
0
0
1
0
1
1
1
0
0
1
1
1
2
1
1
1
2
2
2
2
2
2
2
2
2
2
2
2
2
2
2
2
2
2
2
2
2
2
2
2
2
2
2
2
2
2
2
2
2
2
2
2
2
2
2
2
2
2
2
2
2
2
2
2
2
2
2
2
2
2
2
2
2
2
2
2
2
2
2
2
2
2
2
2
2
2
2
2
2
2
2
2
2
2
2
2
2
2
2
2
2
3
3
3
2
-6
3
2
2
2
2
2
2
-7
1
2
2
2
2
2
1
2
2
2
2
2
2
2
2
2
2
2
2
2
2
2
2
2
2
2
2
2
2
2
2
2
2
2
2
2
2
2
3
3
3
3
-6
-15
18
9
0
0
0
0
0
1
1
1
1
1
1
0
0
0
0
0
0
0
0
0
0
0
2
2
2
2
2
2
2
2
2
2
1
1
1
2
1
2
2
1
2
2
2
2
2
2
2
1
1
1
1
2
2
2
2
2
2
1
1
1
1
1
1
1
1
2
1
1
1
1
1
1
1
1
1
1
1
1
1
1
1
1
1
1
2
2
2
2
2
2
2
2
2
1
1
1
1
1
1
1
1
1
1
1
1
1
1
1
1
1
1
1
1
1
1
2
1
1
2
1
1
1
1
1
1
1
1
1
1
1
1
1
1
1
1
1
1
1
1
1
1
2
2
2
2
1
2
2
2
2
2
2
2
2
2
2
2
2
2
2
2
2
2
2
2
2
2
2
2
2
2
2
2
2
2
1
1
2
2
2
2
2
2
1
1
1
1
2
1
2
2
2
2
2
2
2
2
2
2
2
2
2
2
2
2
2
2
2
1
1
2
2
2
2
-7
1
1
1
1
1
1
1
1
1
1
1
1
1
1
1
1
1
1
1
1
1
1
1
1
1
1
1
1
1
1
1
1
1
1
1
1
1
1
1
1
2
2
2
2
2
2
2
1
1
1
1
1
1
1
1
1
1
2
2
1
1
2
3
2
2
2
2
2
2
2
2
2
2
2
2
2
2
2
2
2
2
2
2
2
3
2
3
3
2
3
2
2
2
2
2
2
2
3
3
3
3
3
3
3
3
3
3
3
3
3
3
3
3
3
3
3
3
3
3
3
3
3
3
3
3
3
3
3
3
3
3
3
3
3
3
3
3
3
3
3
3
4
4
4
3
3
3
3
3
3
3
3
3
3
4
4
4
4
4
4
4
4
4
3
3
3
3
3
3
3
3
4
4
4
4
4
4
4
4
4
4
4
4
4
4
4
4
4
4
4
-5
5
-4
-4
-4
4
4
4
4
4
4
4
3
4
4
4
3
4
3
4
4
4
4
4
4
4
4
4
4
4
3
3
4
3
3
3
4
4
3
4
3
4
4
4
4
4
3
4
3
4
4
4
4
4
4
4
4
3
4
4
4
4
4
4
4
4
4
4
4
4
4
4
4
4
4
4
4
4
4
4
4
-5
3
3
3
3
3
3
3
3
3
3
3
3
3
3
3
3
3
3
3
1
1
1
1
1
1
1
1
1
1
2
2
2
2
-6
1
1
1
1
1
1
1
1
1
1
1
1
1
0
0
0
0
0
0
0
0
0
0
0
8
0
0
0
0
0
0
0
0
-1
0
0
0
0
0
0
0
0
0
0
0
0
0
0
0
0
0
0
0
0
0
0
0
-1
-1
-1
-1
-1
-1
-1
-1
-1
-1
-1
-1
-1
-1
0
0
0
0
0
0
0
0
0
0
0
0
0
0
1
1
1
1
1
1
1
1
0
0
0
0
0
0
0
0
0
0
0
0
0
1
1
1
1
1
1
1
1
1
1
1
1
1
1
0
0
1
1
1
1
1
1
1
1
0
0
0
0
-1
-2
-2
-3
-4
-4
-4
-4
-4
-4
-4
4
-4
3
3
0
-1
-1
-1
-1
-1
-1
-2
-2
-2
-3
-3
-3
-4
-4
-4
-4
-4
-4
-4
-4
-4
-4
-4
4
4
-5
-14
-23
30
21
12
-4
-4
-4
-4
-3
4
-4
4
4
4
4
4
4
4
4
4
4
4
4
4
4
4
4
4
4
4
4
4
4
3
3
3
3
3
3
3
3
3
3
-6
4
4
4
4
4
4
-5
4
3
3
3
3
3
3
4
5
4
-4
-4
-4
-4
-4
-4
4
4
4
4
4
4
4
4
4
-5
4
4
-5
3
4
3
3
4
3
4
4
4
4
4
4
4
4
4
4
4
4
5
4
-5
5
4
4
4
4
4
3
4
4
3
3
3
3
3
3
4
4
4
3
-6
3
4
4
4
4
4
4
4
4
4
4
4
4
4
4
4
4
4
4
4
4
4
4
4
4
4
4
4
4
-4
-4
-4
-4
-4
4
-4
-4
-4
-4
-4
4
-4
-4
-4
-4
-4
-4
-4
-4
4
4
4
4
4
-5
3
3
3
3
3
3
3
3
3
3
3
3
3
3
3
3
2
2
2
2
2
2
2
2
2
2
2
2
2
2
2
2
3
3
3
3
3
3
3
4
3
4
4
4
4
4
4
4
4
4
4
4
4
4
4
4
4
4
4
4
4
4
4
4
4
4
4
4
4
4
4
4
4
4
4
4
4
4
4
4
4
4
4
4
4
4
4
4
4
4
4
4
4
4
4
4
4
4
4
4
4
4
4
4
4
4
4
4
4
4
4
4
4
4
4
4
4
4
4
4
4
4
4
4
4
4
4
4
4
4
4
4
4
4
4
4
4
4
4
4
4
4
4
4
4
4
4
4
4
4
4
4
4
4
4
4
4
4
4
4
4
4
4
4
4
4
4
4
4
-5
3
-6
3
-6
12
3
3
3
3
3
-6
3
3
3
3
3
3
-6
4
3
3
3
3
3
3
3
3
3
3
-5
5
-4
-4
-4
-4
-4
-4
-4
-4
5
4
4
4
4
4
3
4
4
4
4
4
4
4
4
4
3
3
3
3
-6
4
4
3
4
4
-5
4
4
3
3
3
3
3
3
3
3
3
3
3
4
4
5
4
-5
3
3
3
3
3
3
3
3
3
3
3
3
3
3
3
3
3
3
3
4
4
4
4
4
4
4
4
4
4
4
3
4
4
4
4
4
4
4
4
4
4
4
4
4
3
3
3
3
3
3
3
3
3
3
3
3
3
3
3
3
3
3
3
3
2
2
2
2
2
2
3
2
2
2
2
2
2
2
2
2
2
3
3
3
3
3
2
2
2
2
2
2
2
2
2
2
2
2
2
2
2
2
2
2
1
1
1
1
1
1
1
1
1
1
1
1
1
1
1
1
1
1
1
1
1
1
1
1
1
1
1
1
1
1
1
1
1
1
1
1
0
1
1
1
1
1
1
1
1
1
0
-9
1
0
0
1
1
1
1
1
-8
11
2
2
2
2
2
2
2
1
1
1
1
1
2
1
1
1
1
1
1
1
1
1
1
1
1
1
-8
9
0
0
0
1
0
0
0
0
0
0
0
0
0
0
0
0
0
0
0
0
0
0
0
0
0
0
0
0
1
-8
0
0
0
0
0
0
0
0
0
0
9
0
0
0
0
0
0
0
0
0
0
0
0
0
0
0
0
0
0
0
0
0
0
0
0
0
0
0
0
0
0
0
0
0
0
0
0
0
0
1
1
0
0
0
0
0
0
0
0
0
0
0
0
0
0
0
0
1
0
0
-9
10
1
1
1
1
1
0
1
1
1
1
1
1
1
1
1
2
2
2
-7
10
1
-8
0
1
-8
2
1
1
2
1
1
1
1
1
1
1
1
1
1
1
1
1
1
1
1
1
1
1
1
1
1
1
-8
1
1
1
2
1
1
1
1
1
2
2
2
2
2
2
2
2
2
2
2
2
2
2
1
2
1
1
-8
1
1
1
1
2
2
2
2
1
2
-7
10
1
2
2
-7
1
2
1
1
1
0
1
1
1
1
1
1
1
1
1
2
1
1
1
1
1
1
1
1
1
1
1
1
-8
2
2
2
2
2
2
2
2
2
2
2
1
1
1
1
1
1
1
1
1
1
1
1
1
1
1
1
1
1
0
0
0
0
0
0
0
0
0
0
0
1
9
1
1
1
1
1
1
1
1
1
1
1
0
-8
0
0
0
0
0
0
0
0
0
-9
1
1
1
1
1
1
0
1
1
1
1
1
1
1
1
1
1
1
1
2
2
2
2
2
2
2
2
2
2
2
2
2
2
2
2
2
2
2
2
2
2
2
2
2
2
2
-7
2
2
3
-6
3
3
3
3
3
-6
2
-7
11
2
2
2
2
1
2
2
2
2
2
2
2
3
2
2
2
2
2
2
2
2
-7
11
2
1
1
1
1
1
2
2
2
2
2
3
2
3
3
3
-6
-16
-25
-34
-43
46
37
28
19
10
1
2
1
2
2
2
-7
-16
-25
-34
-52
-69
-78
-87
-96
-105
-114
-123
-132
-141
-150
-159
-168
-177
179
170
161
152
143
134
125
116
107
98
89
80
71
62
53
44
35
18
0
-1
0
-1
0
0
-9
-19
-27
-36
-55
-64
-73
72
63
55
46
37
28
19
10
1
-8
-17
-26
-35
-44
-53
-62
-71
-80
82
73
64
55
46
37
28
19
10
1
-8
-17
-26
-35
-44
-71
-81
-89
-98
-107
-125
131
114
104
96
87
69
50
32
23
14
5
-4
-13
-21
-30
25
15
7
-2
-2
-2
-2
-2
-2
-2
-2
-2
-2
-2
-2
-2
-2
-2
-2
-2
-2
-2
-2
0
-1
-1
-1
-1
-2
-2
-2
-1
-2
-1
-2
-2
-2
-2
-2
-2
-2
-2
-2
-2
-2
-2
-2
-1
-2
-2
-1
-1
-1
-1
-1
-1
-1
-1
-1
-1
-1
-1
-1
-1
-1
-1
-1
-1
-1
-1
-1
0
-1
-1
-1
-1
-1
-1
-1
-1
-1
-2
-1
-2
-2
-2
7
-2
-3
-3
-2
-11
7
-2
-2
-2
-2
-2
-2
-2
-2
-2
7
-2
-2
-2
-2
-2
-2
-2
-2
-2
-2
-2
-2
-2
-2
-2
-2
-2
-2
-2
-2
-2
-2
-2
-2
-2
-2
-2
-2
-2
-2
-2
-2
-2
-2
-2
-2
-2
-2
-2
-2
-2
-1
-2
-3
-2
-2
-2
-1
-2
-2
-2
-2
-2
-2
-2
-2
-2
-2
-2
-2
-2
-2
-2
-2
-2
-2
-2
-2
-2
-2
-2
-3
-3
-3
-3
-2
-2
-2
-2
-2
-2
-2
-2
-2
-2
-2
-2
-2
-2
-2
-2
-1
-2
-2
-2
-3
-3
-3
-3
-3
-3
-3
-2
-2
-2
-2
-2
-2
-2
-2
-2
-2
-2
-2
-2
-2
-2
-2
-2
-2
-2
-2
-2
-2
-2
-2
-2
-3
-3
-3
-3
6
-3
-2
-3
-2
-2
-2
-2
-1
-1
-2
-1
-1
-2
-2
-2
-2
-3
-11
15
6
-3
-3
-3
-3
-3
-3
-3
-3
-3
-3
-2
-3
7
-2
-2
-2
-2
-2
-3
-3
-3
-3
-3
6
-3
-4
-2
-1
-2
-2
-3
6
-3
7
-2
-3
-3
-2
-2
-2
-2
-3
-2
-2
-2
-2
-2
-2
-2
-2
-2
6
-2
-2
-2
-2
-3
6
-3
-3
6
-3
-2
-3
-3
-3
-3
-3
-3
-3
-3
-4
-3
-3
-3
-3
-3
-3
-3
-3
-3
-3
-3
-3
-2
-2
-11
6
-2
-2
-2
-1
8
-1
-1
-1
-1
-1
-1
-1
-1
-1
-1
-1
-1
-2
-1
-1
-1
7
-2
-1
-2
-2
-3
-2
-3
-3
-3
-3
-3
-3
-3
-2
-3
-3
-3
-3
-3
-2
-2
-2
-1
-2
-1
-2
-1
-1
-1
-1
-1
-1
-1
-1
-1
-1
-1
-1
-1
-1
-1
-1
8
-1
-1
-2
-1
-1
-1
-1
7
-2
7
-2
-2
-2
-1
-2
-1
-2
-2
-2
-2
-2
-1
-1
-1
8
0
-1
-1
256
57
2
-169
39
30
12
3
3
4
4
3
-6
3
4
4
-4
4
-4
4
-4
4
4
4
4
4
4
4
-5
-14
-23
-32
-41
-50
-59
-68
-77
-86
-95
-104
-113
-122
-131
-140
-149
-158
-167
-185
-194
-211
-220
-238
-247
-256
-265
-274
-283
-292
-301
-310
-319
-328
-337
-346
-355
-364
-373
-382
-391
-400
393
384
375
366
357
348
339
330
321
311
302
294
266
258
249
240
231
222
213
204
195
186
177
167
159
140
131
95
77
68
33
24
15
6
-3
-12
-21
-30
-39
-48
-57
-66
-75
-84
-93
-102
-111
-120
-129
-138
-147
-156
-165
-174
-183
-192
185
176
167
158
149
140
131
122
113
104
95
87
68
59
50
41
32
23
14
6
-4
-13
-22
-31
-40
-49
-58
-67
-76
-85
-94
-103
-112
-121
-148
-157
-166
-175
-183
-185
-193
-202
-211
-220
-229
-238
-247
-256
-264
-273
275
266
257
248
239
230
221
213
203
194
185
176
168
159
141
132
123
113
105
96
87
78
69
41
32
23
14
5
-3
-4
-3
-49
-58
-76
-85
-93
-102
-129
-138
-156
-165
-174
-184
-193
-201
-210
-229
-238
-246
-256
223
60
51
42
-2
-2
-2
-2
-2
6
-2
7
-2
-2
-2
7
-2
-2
-2
-2
-2
-2
-2
-2
-2
-2
-2
-2
-11
7
-2
-2
-2
-2
-2
-2
-2
-1
-2
781
773
439
-17721
-2
-2
-1
-1
-1
-1
-1
-2
-2
-2
-2
-2
-2
-2
-2
-2
-1
-1
-1
-1
-1
-1
-1
-1
-1
-1
-1
-1
9
0
0
-1
-1
-1
-1
-1
-1
-1
-1
-1
-1
-1
-1
-1
-1
-1
-1
7
-2
-2
-2
-2
-2
-1
0
0
0
0
-1
0
-1
-1
-1
-1
-1
-1
-1
-1
-1
-1
-1
-1
-1
-1
-1
-1
-1
-1
-1
-2
-3
-3
-2
-3
-3
-3
-3
7
-2
-2
-1
-1
-1
-1
-2
-2
-2
-2
-2
-2
-2
-2
-2
-2
-2
-2
-2
-2
-2
-2
-2
-2
-2
-2
-2
-2
-2
-2
-2
1
2
2
2
2
2
2
2
2
2
2
2
2
2
2
2
2
2
2
2
3
3
4
4
4
4
4
5
-4
-4
-4
-4
-4
-4
-4
-4
-4
-4
-4
-4
-4
-4
-4
-4
-4
-4
-4
-4
-4
-3
-3
-4
-3
-3
-3
-3
-3
-3
-3
-3
-3
-2
-3
-3
-3
-3
-3
-3
-3
-3
-3
-3
-3
-3
-3
-3
-3
-3
-3
-4
-4
-4
-4
-4
-4
-4
-4
-4
-4
-4
-4
4
4
4
4
4
4
4
4
4
4
4
4
4
-5
5
-4
4
-4
-4
-4
-4
-4
-4
-4
-4
-4
4
-4
-4
-4
-4
-4
-4
-3
-3
-3
-3
-4
-4
-4
-4
-4
-4
-4
-4
-4
-4
-4
-4
-4
-3
-3
-3
-3
-3
-3
-4
-4
-4
-1
-1
-2
-2
-2
-2
-2
-2
-2
-2
-3
-3
-3
-3
-3
-3
-3
-3
-3
-3
-3
-3
-3
-3
-3
-3
-3
-3
-3
-3
-3
-3
-3
-3
-3
-3
-3
-3
-3
-3
-3
-3
-3
-3
-3
-3
-3
-2
-3
6
-2
-2
-2
6
-3
-4
-4
-4
-4
-4
-4
-4
-4
-4
-4
-4
6
-3
-2
-2
-2
-2
-2
-2
-2
-2
-2
-2
-2
-2
-2
-2
-2
-2
-2
-2
-3
-3
-3
-3
-3
-3
-3
-3
-3
-3
-3
-3
-3
-3
-3
-3
-3
-3
-3
-3
-3
-3
-3
-3
-3
-3
-3
-3
-3
-3
-3
-3
-3
-3
-3
-3
-3
-3
-3
-2
-2
-2
-2
-2
-2
-2
-2
-2
-2
8
-1
-1
-1
-1
-1
-1
-2
-1
-1
-1
-1
-1
-1
-1
-1
-1
-1
-1
-1
-1
-1
-1
-1
-1
-1
-1
-1
-1
-1
-1
-1
-1
-1
-1
-1
-1
-1
-1
-1
-1
-1
-1
-1
-1
-1
-1
0
0
1
1
1
0
0
0
0
0
0
0
0
0
0
0
0
0
0
0
0
2
2
2
2
1
1
1
1
1
1
1
1
1
1
1
1
1
1
1
1
1
1
1
1
1
1
1
1
1
1
1
1
1
1
1
1
1
1
1
1
1
1
1
1
1
1
1
1
2
2
2
2
2
1
1
1
1
1
1
1
1
1
1
1
1
1
1
1
2
2
2
2
2
2
2
2
2
2
2
2
2
2
2
2
2
2
2
2
2
2
2
2
2
2
2
2
2
2
2
2
2
2
2
3
3
3
3
3
3
3
3
-6
2
2
2
2
2
3
-6
3
3
3
3
4
3
3
3
4
4
4
4
4
4
4
4
-5
-14
10
1
-8
1
-8
1
2
2
2
2
2
2
2
2
2
2
2
2
2
2
-7
3
3
3
3
3
3
3
3
2
2
2
2
2
2
2
2
2
3
2
3
3
4
4
4
5
-4
-4
-3
-3
-2
-2
-1
9
0
0
1
1
1
1
2
1
1
1
1
1
1
1
1
1
2
2
-7
3
3
3
3
4
4
4
-5
-14
-23
-32
-41
-50
54
45
36
27
18
9
0
1
0
1
1
1
1
0
0
1
1
1
0
0
0
0
0
0
0
0
0
0
0
0
0
0
0
1
1
1
1
1
1
1
1
1
1
1
1
0
9
0
0
0
0
0
0
0
0
0
0
0
0
0
0
0
0
0
0
0
0
0
0
0
0
0
0
0
1
1
1
1
1
1
1
1
1
1
1
1
1
1
1
1
1
1
1
1
1
1
1
1
1
1
1
1
1
1
1
1
1
1
1
1
1
1
1
1
1
1
1
1
1
1
1
1
1
1
1
1
1
1
1
1
1
1
1
1
1
1
1
1
1
1
1
1
1
1
1
1
1
1
1
1
1
1
1
0
0
0
0
0
0
0
0
0
0
0
0
0
0
1
1
1
1
1
0
0
0
0
0
0
0
0
0
0
0
0
0
0
0
0
0
0
0
1
1
1
1
1
1
1
1
1
1
1
1
1
1
1
1
1
1
1
1
1
1
1
1
1
1
1
1
1
1
1
1
1
1
1
1
1
1
1
1
1
1
1
1
1
1
1
1
1
1
1
1
1
1
1
1
1
1
1
1
1
1
1
1
1
1
1
1
1
1
1
1
1
1
1
1
1
1
1
1
1
1
1
1
1
1
1
1
2
1
1
1
1
1
1
1
2
2
2
2
2
2
2
2
2
2
2
2
2
2
2
2
2
2
2
2
1
1
1
1
1
1
1
1
1
1
1
1
1
1
1
1
2
2
2
2
2
2
2
2
2
2
2
2
2
2
2
2
2
-7
2
2
2
2
2
2
2
3
3
3
3
3
3
3
3
3
3
3
3
3
3
3
3
4
4
4
4
3
4
3
3
3
3
3
3
3
2
2
2
2
2
2
2
2
2
2
2
2
2
2
2
2
2
2
2
2
2
2
2
2
2
2
2
2
2
2
2
2
2
2
2
2
2
2
2
2
2
2
2
2
2
2
2
2
2
2
2
2
2
2
2
2
2
2
2
2
2
2
2
2
2
2
2
2
2
2
3
3
2
2
2
2
2
2
2
2
2
2
2
2
3
3
3
3
3
3
3
2
2
2
2
2
2
3
3
2
2
1
1
1
1
1
1
1
1
1
1
1
1
1
1
1
1
1
1
1
1
1
1
1
1
1
1
1
0
0
0
0
0
0
0
0
0
0
0
0
0
0
0
0
0
0
-1
0
0
-1
0
0
0
0
0
0
0
0
0
0
0
0
0
0
0
0
0
0
0
0
0
0
0
0
0
0
0
0
0
0
0
0
0
8
-1
0
-1
-1
0
0
0
0
0
0
0
1
1
1
0
1
1
1
1
1
1
1
1
1
0
0
0
0
0
0
0
0
0
0
0
0
0
0
0
0
0
0
1
1
0
0
0
0
0
0
0
0
0
-1
-1
-1
-1
-1
-1
-2
-2
-2
-3
-3
-3
-3
-3
5
-4
-3
-3
-3
-3
-3
-4
-4
-4
-4
-4
-4
-4
-4
-4
-14
-23
29
-3
-3
-3
-4
-3
-4
-4
-3
-4
-4
-4
-4
-4
-4
-4
-4
-4
-4
-4
-4
-4
4
4
4
4
4
4
4
4
4
4
4
-5
4
4
3
4
-4
-4
-4
-4
4
-5
5
-4
5
-4
-4
-4
-4
-4
-4
-4
-4
-4
-4
-4
-4
-4
-4
4
4
4
4
4
4
4
-4
4
4
4
4
4
4
4
4
4
4
4
4
4
4
4
4
4
4
4
4
4
4
4
4
4
4
4
4
4
4
4
4
4
4
4
4
4
4
4
4
4
4
4
4
4
4
4
4
4
4
4
4
4
4
4
4
4
4
4
4
4
4
4
4
4
4
4
4
4
4
4
4
4
4
4
4
4
4
3
3
3
4
3
4
4
4
4
4
3
3
3
3
3
3
3
3
3
3
3
3
3
3
3
3
3
3
3
3
3
3
3
3
3
3
3
3
3
3
3
3
4
4
4
4
4
4
4
4
4
4
4
4
4
4
4
4
4
4
4
4
4
4
-5
3
3
3
3
3
3
3
4
4
4
4
4
4
4
4
4
4
4
4
3
3
3
3
3
3
2
3
2
2
2
2
2
2
2
2
2
2
2
2
2
2
2
2
2
2
3
3
3
3
3
3
3
3
3
3
4
4
4
4
4
4
4
4
4
4
4
4
4
4
4
4
4
4
4
4
4
4
4
4
4
4
3
3
3
-6
13
4
4
4
4
4
3
4
3
3
3
3
3
3
3
3
3
3
3
3
3
3
3
3
4
4
4
4
4
4
4
4
4
4
4
4
4
4
4
4
4
4
4
4
3
3
3
3
3
-5
