
"dual_0l_pin0.txt"

234467 230514 -3953
229218 225274 -3944
223959 220015 -3944
218719 214757 -3962
212429 208549 -3880

~~~~~~~~~~~~~~~~~~~~~~~~~~

"dual_30l_pin0.txt"

216911 220259 3348
212289 215599 3310
207392 207187 -205
204481 207019 2538
197589 197068 -521

~~~~~~~~~~~~~~~~~~~~~~~~~~

"dual_60l_pin0.txt"

153493 156226 2733
141447 138251 -3196
167423 164035 -3388
86354 82383 -3971
106207 106504 297

~~~~~~~~~~~~~~~~~~~~~~~~~~

"dual_90l_pin0.txt"

23788 24426 638
48028 41050 -6978
32551 33199 648
52476 49805 -2671
65759 66443 684
4573 57463 52890

~~~~~~~~~~~~~~~~~~~~~~~~~~

"dual_-30l_pin0.txt"

9456 11458 2002
16837 17748 911
43283 43428 145
69118 69838 720
95542 96316 774

~~~~~~~~~~~~~~~~~~~~~~~~~~

"dual_-60l_pin0.txt"

205561 208772 3211
229640 234984 5344
253434 260937 7503
270449 275361 4912
297237 301574 4337

~~~~~~~~~~~~~~~~~~~~~~~~~~

"dual_-90l_pin0.txt"

154120 152106 -2014
175419 174925 -494
204491 198593 -5898
205175 203332 -1843
228789 226459 -2330


