0 0
-1 -0.0192308
10 0.169811
-9 2.77556e-17
-1 -0.0181818
-10 -0.196429
-10 -0.368421
-6 -0.465517
-7 -0.576271
-10 -0.733333
1 -0.704918
-8 -0.822581
9 -0.666667
7 -0.546875
7 -0.430769
-2 -0.454545
0 -0.447761
8 -0.323529
-3 -0.362319
0 -0.357143
-2 -0.380282
0 -0.375
-1 -0.383562
7 -0.283784
6 -0.2
7 -0.105263
8 1.38778e-16
-9 -0.115385
3 -0.0759494
-6 -0.15
-6 -0.222222
-5 -0.280488
-5 -0.337349
4 -0.285714
-4 -0.329412
-4 -0.372093
-2 -0.390805
-3 -0.420455
6 -0.348315
-3 -0.377778
7 -0.296703
-2 -0.315217
-9 -0.408602
-1 -0.414894
-1 -0.421053
-2 -0.4375
-2 -0.453608
6 -0.387755
6 -0.323232
6 -0.26
-3 -0.287129
-5 -0.333333
-2 -0.349515
-4 -0.384615
-3 -0.409524
6 -0.349057
-5 -0.392523
-9 -0.472222
8 -0.394495
-3 -0.418182
7 -0.351351
-1 -0.357143
-1 -0.362832
-10 -0.447368
-1 -0.452174
-9 -0.525862
9 -0.444444
-9 -0.516949
-3 -0.537815
7 -0.475
-1 -0.479339
-10 -0.557377
-1 -0.560976
-1 -0.564516
-1 -0.568
-10 -0.642857
7 -0.582677
7 -0.523438
8 -0.457364
-2 -0.469231
-5 -0.503817
-2 -0.515152
-2 -0.526316
0 -0.522388
-2 -0.533333
-10 -0.602941
1 -0.591241
8 -0.528986
-10 -0.597122
9 -0.528571
1 -0.51773
-10 -0.584507
1 -0.573427
8 -0.513889
-3 -0.531034
-3 -0.547945
8 -0.489796
-2 -0.5
8 -0.442953
-7 -0.486667
-8 -0.536424
9 -0.473684
9 -0.411765
0 -0.409091
10 -0.341935
1 -0.333333
2 -0.318471
2 -0.303797
2 -0.289308
2 -0.275
2 -0.26087
1 -0.253086
-7 -0.294479
1 -0.286585
-10 -0.345455
-7 -0.385542
-7 -0.42515
-7 -0.464286
1 -0.455621
-7 -0.494118
2 -0.479532
1 -0.47093
3 -0.450867
4 -0.425287
10 -0.365714
-7 -0.403409
4 -0.378531
10 -0.320225
-5 -0.346369
5 -0.316667
6 -0.281768
6 -0.247253
4 -0.224044
6 -0.190217
5 -0.162162
-3 -0.177419
6 -0.144385
6 -0.111702
-4 -0.132275
-4 -0.152632
5 -0.125654
-2 -0.135417
-3 -0.150259
-4 -0.170103
6 -0.138462
3 -0.122449
-6 -0.152284
-6 -0.181818
-6 -0.211055
-5 -0.235
3 -0.218905
-5 -0.242574
-7 -0.275862
3 -0.259804
-5 -0.282927
10 -0.23301
-8 -0.270531
-9 -0.3125
-1 -0.315789
4 -0.295238
3 -0.279621
3 -0.264151
4 -0.244131
-6 -0.271028
4 -0.251163
1 -0.24537
-7 -0.276498
-4 -0.293578
5 -0.269406
4 -0.25
-5 -0.271493
-5 -0.292793
3 -0.278027
4 -0.258929
3 -0.244444
3 -0.230088
3 -0.215859
-6 -0.241228
-6 -0.266376
-7 -0.295652
-5 -0.316017
4 -0.297414
3 -0.283262
-6 -0.307692
5 -0.285106
3 -0.271186
-6 -0.295359
-4 -0.310924
3 -0.297071
-7 -0.325
6 -0.298755
-5 -0.318182
-5 -0.337449
10 -0.295082
3 -0.281633
3 -0.268293
3 -0.255061
4 -0.237903
4 -0.220884
-7 -0.248
5 -0.227092
2 -0.218254
-5 -0.237154
5 -0.216535
-6 -0.239216
-6 -0.261719
-5 -0.280156
-4 -0.294574
3 -0.281853
4 -0.265385
-7 -0.291188
3 -0.278626
1 -0.273764
2 -0.265152
-7 -0.290566
-6 -0.31203
4 -0.29588
-6 -0.317164
-5 -0.334572
4 -0.318519
-5 -0.335793
3 -0.323529
5 -0.304029
4 -0.288321
-6 -0.309091
3 -0.297101
3 -0.285199
-6 -0.305755
-4 -0.318996
-8 -0.346429
5 -0.327402
3 -0.315603
-3 -0.325088
9 -0.292254
-6 -0.312281
-8 -0.339161
10 -0.303136
-8 -0.329861
-5 -0.346021
-5 -0.362069
-1 -0.364261
5 -0.34589
6 -0.324232
6 -0.302721
-3 -0.311864
5 -0.293919
10 -0.259259
-3 -0.268456
-5 -0.284281
3 -0.273333
7 -0.249169
-3 -0.258278
-4 -0.270627
6 -0.25
-4 -0.262295
-6 -0.281046
3 -0.270358
-6 -0.288961
-5 -0.304207
2 -0.296774
1 -0.292605
6 -0.272436
-10 -0.303514
-5 -0.318471
-9 -0.346032
3 -0.335443
-6 -0.353312
-7 -0.374214
-7 -0.394984
-10 -0.425
10 -0.392523
-7 -0.413043
4 -0.399381
3 -0.388889
10 -0.356923
2 -0.349693
-7 -0.370031
-6 -0.387195
2 -0.379939
10 -0.348485
-8 -0.371601
-8 -0.394578
-9 -0.42042
1 -0.416168
1 -0.41194
10 -0.380952
3 -0.37092
-7 -0.390533
8 -0.365782
-8 -0.388235
0 -0.387097
9 -0.359649
-7 -0.379009
9 -0.351744
-9 -0.376812
10 -0.346821
1 -0.342939
-7 -0.362069
0 -0.361032
2 -0.354286
10 -0.324786
-9 -0.349432
10 -0.320113
10 -0.29096
10 -0.261972
9 -0.235955
-9 -0.260504
-10 -0.287709
0 -0.286908
8 -0.263889
-6 -0.279778
10 -0.251381
-1 -0.253444
-10 -0.28022
-9 -0.30411
10 -0.275956
-8 -0.297003
0 -0.296196
10 -0.268293
0 -0.267568
-7 -0.285714
-8 -0.306452
9 -0.281501
-8 -0.302139
4 -0.290667
1 -0.287234
-5 -0.299735
3 -0.291005
-4 -0.300792
7 -0.281579
5 -0.267717
-6 -0.282723
5 -0.26893
-5 -0.28125
-5 -0.293506
-4 -0.303109
5 -0.289406
6 -0.273196
-3 -0.280206
7 -0.261538
7 -0.242967
7 -0.22449
-6 -0.239186
6 -0.22335
-4 -0.232911
5 -0.219697
-4 -0.229219
-5 -0.241206
5 -0.22807
-4 -0.2375
-5 -0.249377
4 -0.238806
5 -0.225806
-5 -0.237624
4 -0.22716
-5 -0.238916
4 -0.228501
-5 -0.240196
4 -0.229829
-2 -0.234146
6 -0.218978
-3 -0.225728
6 -0.210654
-5 -0.222222
-3 -0.228916
6 -0.213942
6 -0.199041
6 -0.184211
-3 -0.190931
6 -0.17619
-3 -0.182898
-4 -0.191943
3 -0.184397
6 -0.169811
5 -0.157647
-4 -0.166667
-6 -0.180328
-6 -0.193925
4 -0.184149
5 -0.172093
-6 -0.185615
-3 -0.19213
-5 -0.203233
-6 -0.21659
2 -0.211494
4 -0.201835
4 -0.19222
4 -0.182648
-5 -0.193622
-5 -0.204545
4 -0.195011
6 -0.180995
4 -0.171558
-7 -0.186937
-4 -0.195506
-5 -0.206278
4 -0.196868
-7 -0.212054
-5 -0.222717
4 -0.213333
5 -0.201774
4 -0.192478
7 -0.1766
3 -0.169604
4 -0.16044
4 -0.151316
-6 -0.164114
4 -0.155022
5 -0.143791
4 -0.134783
-7 -0.149675
-7 -0.164502
-5 -0.174946
-5 -0.185345
4 -0.176344
-5 -0.186695
-5 -0.197002
-5 -0.207265
-4 -0.215352
3 -0.208511
-5 -0.218684
5 -0.207627
5 -0.196617
6 -0.183544
5 -0.172632
4 -0.163866
-4 -0.171908
-6 -0.1841
-4 -0.192067
-5 -0.202083
-4 -0.209979
-5 -0.219917
6 -0.207039
5 -0.196281
-3 -0.202062
-5 -0.211934
-5 -0.221766
-5 -0.231557
4 -0.222904
-3 -0.228571
4 -0.219959
4 -0.211382
-5 -0.221095
3 -0.214575
5 -0.20404
-2 -0.207661
-6 -0.219316
4 -0.210843
4 -0.202405
-5 -0.212
10 -0.191617
4 -0.183267
-5 -0.192843
7 -0.178571
5 -0.168317
4 -0.160079
-5 -0.169625
4 -0.161417
5 -0.151277
4 -0.143137
4 -0.135029
-6 -0.146484
-6 -0.157895
-5 -0.167315
-5 -0.176699
-5 -0.186047
3 -0.179884
-6 -0.19112
2 -0.186898
2 -0.182692
2 -0.178503
-6 -0.189655
2 -0.185468
3 -0.179389
3 -0.173333
-6 -0.184411
-5 -0.193548
3 -0.1875
3 -0.181474
0 -0.181132
-6 -0.19209
-6 -0.203008
4 -0.195122
-7 -0.207865
2 -0.203738
2 -0.199627
-6 -0.210428
-6 -0.22119
2 -0.217069
1 -0.214815
-8 -0.229205
10 -0.210332
0 -0.209945
2 -0.205882
-7 -0.218349
-7 -0.230769
-7 -0.243144
2 -0.239051
-6 -0.249545
3 -0.243636
10 -0.225045
-6 -0.235507
-7 -0.24774
1 -0.245487
-6 -0.255856
2 -0.251799
-5 -0.260323
-6 -0.270609
10 -0.252236
-6 -0.2625
-6 -0.272727
10 -0.254448
10 -0.236234
-8 -0.25
3 -0.244248
-7 -0.256184
-7 -0.268078
3 -0.262324
2 -0.258348
-8 -0.27193
10 -0.25394
0 -0.253497
5 -0.244328
3 -0.238676
-7 -0.250435
10 -0.232639
2 -0.228769
-7 -0.240484
-9 -0.255613
9 -0.239655
3 -0.234079
2 -0.230241
-8 -0.243568
2 -0.239726
5 -0.230769
-6 -0.240614
-6 -0.250426
2 -0.246599
4 -0.239389
-7 -0.250847
4 -0.243655
-7 -0.255068
3 -0.249578
3 -0.244108
-4 -0.25042
3 -0.244966
-6 -0.254606
-6 -0.264214
4 -0.257095
-6 -0.266667
-5 -0.274542
-6 -0.284053
-5 -0.291874
2 -0.288079
2 -0.284298
3 -0.278878
-7 -0.289951
2 -0.286184
-6 -0.295567
10 -0.278689
-7 -0.289689
-7 -0.300654
1 -0.298532
9 -0.283388
-7 -0.294309
-9 -0.308442
2 -0.3047
9 -0.289644
-10 -0.305331
-10 -0.320968
4 -0.31401
6 -0.303859
6 -0.29374
-3 -0.298077
6 -0.288
7 -0.276358
-2 -0.279107
8 -0.265924
7 -0.254372
-1 -0.255556
-1 -0.256735
-1 -0.257911
-3 -0.262243
7 -0.250789
7 -0.23937
-2 -0.242138
7 -0.230769
-9 -0.244514
7 -0.233177
-3 -0.2375
-2 -0.24025
7 -0.228972
-2 -0.231726
-2 -0.234472
-3 -0.23876
6 -0.229102
-4 -0.23493
-10 -0.25
-3 -0.254237
6 -0.244615
6 -0.235023
-3 -0.239264
7 -0.228178
-2 -0.230887
7 -0.219847
-2 -0.222561
8 -0.210046
-10 -0.224924
-10 -0.239757
6 -0.230303
7 -0.219365
-9 -0.232628
-2 -0.235294
7 -0.224398
-2 -0.227068
-10 -0.241742
-10 -0.256372
-2 -0.258982
6 -0.249626
-10 -0.264179
-2 -0.266766
-10 -0.28125
-1 -0.282318
6 -0.272997
-10 -0.287407
-3 -0.29142
-1 -0.292467
-2 -0.294985
-9 -0.307806
-9 -0.320588
-2 -0.323054
-10 -0.337243
9 -0.323572
-10 -0.337719
-10 -0.351825
-2 -0.354227
-10 -0.368268
-10 -0.382267
8 -0.370102
0 -0.369565
-8 -0.380608
-10 -0.394509
-8 -0.405483
10 -0.39049
-9 -0.402878
-7 -0.412356
-6 -0.420373
-9 -0.432665
-5 -0.439199
-5 -0.445714
5 -0.437946
-4 -0.44302
7 -0.432432
-4 -0.4375
-3 -0.441135
6 -0.432011
-3 -0.435644
4 -0.429379
-4 -0.434415
-4 -0.439437
9 -0.42616
6 -0.417135
-2 -0.419355
-3 -0.422969
-3 -0.426573
-3 -0.430168
6 -0.421199
-3 -0.424791
-2 -0.426982
7 -0.416667
6 -0.407767
5 -0.400277
6 -0.391425
-4 -0.396409
-4 -0.401379
8 -0.389807
-8 -0.400275
-1 -0.401099
-10 -0.414266
-8 -0.424658
7 -0.414501
-8 -0.424863
-1 -0.425648
8 -0.414169
9 -0.401361
8 -0.389946
-10 -0.402985
9 -0.390244
0 -0.389716
8 -0.378378
8 -0.367072
8 -0.355795
-10 -0.368775
-10 -0.38172
-2 -0.383893
8 -0.372654
-10 -0.385542
7 -0.375668
-1 -0.376502
-2 -0.378667
10 -0.364847
8 -0.353723
-3 -0.357238
5 -0.350133
-7 -0.35894
2 -0.35582
-7 -0.364597
6 -0.356201
-4 -0.361001
8 -0.35
-2 -0.352168
-3 -0.355643
5 -0.348624
-2 -0.350785
-10 -0.363399
-3 -0.366841
0 -0.366362
-10 -0.378906
-9 -0.390117
-1 -0.390909
8 -0.380026
-10 -0.392487
-2 -0.394567
-3 -0.397933
5 -0.390968
-3 -0.39433
-5 -0.400257
-10 -0.412596
-3 -0.415918
6 -0.407692
-3 -0.411012
-5 -0.41688
-3 -0.420179
9 -0.408163
7 -0.398726
-5 -0.40458
0 -0.404066
8 -0.393401
7 -0.38403
-1 -0.38481
-8 -0.394437
-9 -0.405303
9 -0.393443
-10 -0.405542
9 -0.393711
10 -0.380653
0 -0.380176
-1 -0.380952
-10 -0.392991
-7 -0.40125
0 -0.400749
0 -0.400249
-1 -0.400996
-2 -0.402985
-10 -0.414907
-2 -0.416873
7 -0.407683
7 -0.398515
-2 -0.400494
-1 -0.401235
7 -0.392109
-1 -0.392857
-10 -0.404674
10 -0.391892
-1 -0.392638
-1 -0.393382
-10 -0.405141
-1 -0.405868
-1 -0.406593
-9 -0.417073
9 -0.405603
-9 -0.416058
10 -0.403402
-7 -0.411408
1 -0.409697
1 -0.40799
0 -0.407497
10 -0.394928
9 -0.383595
-8 -0.392771
-8 -0.401925
8 -0.391827
3 -0.387755
2 -0.384892
10 -0.372455
-10 -0.383971
-6 -0.390681
2 -0.387828
-7 -0.395709
-8 -0.404762
3 -0.400713
-6 -0.407363
3 -0.403321
-7 -0.411137
-7 -0.418935
2 -0.416076
-6 -0.422668
4 -0.417453
-6 -0.424028
-6 -0.430588
4 -0.425382
4 -0.420188
-5 -0.425557
5 -0.419204
-10 -0.430409
-3 -0.433411
6 -0.425904
-3 -0.428904
5 -0.422584
5 -0.416279
-4 -0.420441
-3 -0.423434
-4 -0.427578
4 -0.422454
4 -0.417341
-5 -0.422633
4 -0.417532
6 -0.410138
-10 -0.421174
4 -0.416092
-6 -0.422503
3 -0.418578
2 -0.415808
10 -0.40389
4 -0.398857
-7 -0.406393
10 -0.394527
4 -0.389522
-6 -0.395904
-10 -0.406818
9 -0.396141
1 -0.394558
-6 -0.400906
2 -0.39819
3 -0.39435
3 -0.390519
2 -0.387824
-6 -0.394144
-5 -0.399325
2 -0.396629
-7 -0.40404
10 -0.392377
2 -0.389698
-7 -0.397092
-7 -0.404469
-8 -0.412946
-7 -0.42029
10 -0.408686
-8 -0.41713
-8 -0.425556
1 -0.423973
-7 -0.431264
-9 -0.440753
-7 -0.448009
6 -0.440884
4 -0.435982
-5 -0.441014
4 -0.436123
-9 -0.445545
4 -0.440659
3 -0.436883
5 -0.430921
10 -0.419496
3 -0.415755
-4 -0.419672
3 -0.415939
4 -0.411123
5 -0.405229
4 -0.400435
-4 -0.404348
-4 -0.408252
-6 -0.414317
2 -0.411701
4 -0.406926
5 -0.401081
4 -0.396328
-6 -0.402373
-6 -0.408405
-5 -0.413348
-6 -0.419355
-8 -0.427497
-6 -0.433476
-7 -0.440514
2 -0.437901
-7 -0.44492
-6 -0.450855
4 -0.446105
2 -0.443497
-6 -0.449414
-4 -0.453191
2 -0.450584
1 -0.449045
-6 -0.454931
-4 -0.458686
3 -0.455026
10 -0.443975
-8 -0.451954
-5 -0.456751
-5 -0.461538
-5 -0.466316
3 -0.462671
3 -0.459034
-6 -0.464848
-7 -0.471698
6 -0.464921
-5 -0.469665
-6 -0.475444
3 -0.471816
-6 -0.477581
4 -0.472917
-6 -0.478668
3 -0.475052
-8 -0.482866
3 -0.479253
-5 -0.483938
4 -0.479296
3 -0.475698
-4 -0.479339
-5 -0.484004
-6 -0.489691
-5 -0.494336
6 -0.487654
-5 -0.492292
-5 -0.49692
-4 -0.500513
4 -0.495902
-5 -0.500512
-3 -0.503067
-4 -0.506639
-3 -0.509184
-4 -0.512742
-5 -0.517312
3 -0.513733
5 -0.50813
4 -0.503553
5 -0.497972
1 -0.496454
-5 -0.501012
-6 -0.506572
3 -0.50303
-6 -0.508577
-8 -0.516129
-7 -0.522659
-6 -0.528169
3 -0.524623
-6 -0.53012
-5 -0.534604
-7 -0.541082
5 -0.535536
-7 -0.542
2 -0.539461
2 -0.536926
2 -0.534397
-7 -0.540837
0 -0.540299
2 -0.537773
-10 -0.54717
-6 -0.552579
-6 -0.557978
-6 -0.563366
2 -0.560831
1 -0.559289
2 -0.556762
-7 -0.563116
10 -0.552709
10 -0.542323
9 -0.53294
-7 -0.539293
0 -0.538763
-8 -0.546078
-8 -0.553379
-9 -0.561644
-8 -0.568915
-10 -0.578125
10 -0.567805
0 -0.567251
10 -0.556962
-5 -0.561284
-9 -0.569485
0 -0.568932
9 -0.559651
-7 -0.565891
0 -0.565344
-10 -0.574468
9 -0.565217
-10 -0.574324
0 -0.57377
-8 -0.580925
9 -0.571704
0 -0.571154
-7 -0.577329
-9 -0.585413
-1 -0.58581
1 -0.584291
-2 -0.585646
-8 -0.592734
9 -0.583572
9 -0.574427
2 -0.571973
-8 -0.579048
8 -0.570885
-8 -0.577947
10 -0.567901
9 -0.558824
-9 -0.566825
9 -0.557765
-10 -0.566698
7 -0.559546
0 -0.559018
-8 -0.566038
-8 -0.573044
10 -0.563089
10 -0.553151
-8 -0.56015
9 -0.551174
6 -0.545028
-10 -0.553889
-4 -0.557116
-9 -0.565014
0 -0.564486
-4 -0.567694
8 -0.559701
-1 -0.560112
6 -0.554004
7 -0.546977
-3 -0.549257
-10 -0.558032
0 -0.557514
-9 -0.565338
-3 -0.567593
-3 -0.569843
6 -0.563771
8 -0.555863
6 -0.549815
0 -0.549309
10 -0.539595
7 -0.532659
-4 -0.535846
7 -0.528926
-8 -0.53578
-1 -0.536205
-10 -0.544872
-4 -0.548033
6 -0.542048
7 -0.53516
-1 -0.535584
6 -0.529626
7 -0.522769
-10 -0.531392
8 -0.523636
-2 -0.524977
-2 -0.526316
7 -0.519492
5 -0.514493
-9 -0.522172
-2 -0.523508
1 -0.522132
9 -0.513538
-1 -0.513977
-10 -0.522523
8 -0.514851
-7 -0.520683
1 -0.519317
0 -0.518851
2 -0.516592
1 -0.515233
-9 -0.522829
-1 -0.523256
0 -0.522788
1 -0.521429
3 -0.518287
9 -0.509804
-3 -0.512021
-2 -0.513345
0 -0.512889
1 -0.511545
9 -0.503106
0 -0.50266
8 -0.495128
10 -0.485841
9 -0.477454
-10 -0.485866
9 -0.477493
0 -0.477072
-9 -0.484581
-1 -0.485035
-10 -0.493404
1 -0.492091
-9 -0.499561
-10 -0.507895
-9 -0.515337
0 -0.514886
1 -0.513561
-8 -0.520105
10 -0.510917
-8 -0.517452
-8 -0.523976
-8 -0.530488
-9 -0.537859
-5 -0.541739
-9 -0.549088
2 -0.546875
-7 -0.552472
2 -0.55026
0 -0.549784
10 -0.540657
10 -0.531547
2 -0.529361
-5 -0.533218
3 -0.530172
-7 -0.535745
-7 -0.541308
-7 -0.546862
-6 -0.551546
-6 -0.556223
-6 -0.560892
-6 -0.565553
10 -0.556507
3 -0.553464
3 -0.550427
9 -0.542272
-6 -0.546928
-5 -0.550725
3 -0.5477
-6 -0.55234
3 -0.54932
9 -0.541206
3 -0.5382
-6 -0.542833
-6 -0.547458
8 -0.54022
6 -0.534687
8 -0.527473
-4 -0.530405
4 -0.526582
6 -0.521079
-3 -0.523168
2 -0.521044
-6 -0.525652
-8 -0.531933
-5 -0.535684
-6 -0.540268
-5 -0.544007
3 -0.541039
-4 -0.543933
-6 -0.548495
-6 -0.553049
-6 -0.557596
-6 -0.562135
2 -0.56
-5 -0.563697
10 -0.554908
-5 -0.558603
-6 -0.563123
2 -0.560996
-6 -0.565506
-6 -0.570008
-8 -0.576159
-7 -0.581472
-6 -0.58595
-6 -0.590421
-4 -0.593234
-5 -0.596867
-5 -0.600494
-3 -0.602469
10 -0.59375
1 -0.59244
-6 -0.59688
-5 -0.600492
-8 -0.606557
1 -0.605242
8 -0.5982
1 -0.596893
1 -0.595588
-8 -0.601633
8 -0.594617
-8 -0.600652
4 -0.596906
3 -0.593979
-7 -0.599187
1 -0.597888
9 -0.590097
-5 -0.593674
-8 -0.599676
0 -0.59919
1 -0.597896
-8 -0.60388
3 -0.600969
-8 -0.606941
10 -0.598387
-7 -0.603546
2 -0.601449
1 -0.600161
-7 -0.605305
-7 -0.610442
2 -0.608347
-7 -0.613472
-7 -0.61859
10 -0.610088
-1 -0.6104
1 -0.609113
2 -0.607029
1 -0.605746
-7 -0.610845
2 -0.608765
2 -0.606688
3 -0.603819
2 -0.601749
1 -0.600477
10 -0.592063
-8 -0.597938
0 -0.597464
-7 -0.602534
-9 -0.609177
-8 -0.61502
3 -0.612164
4 -0.608524
-6 -0.612776
0 -0.612293
-6 -0.616535
3 -0.61369
-5 -0.617138
-6 -0.621367
-6 -0.625589
-6 -0.629804
3 -0.626959
3 -0.624119
1 -0.622848
-6 -0.627052
10 -0.61875
10 -0.610461
-3 -0.612324
-5 -0.615744
-6 -0.619938
3 -0.617121
5 -0.612753
3 -0.609946
-6 -0.61413
-5 -0.617533
-4 -0.620155
6 -0.615027
4 -0.611455
4 -0.607889
-6 -0.612056
4 -0.608494
3 -0.60571
-4 -0.608327
5 -0.604006
-5 -0.60739
-5 -0.610769
4 -0.607225
-6 -0.611367
3 -0.608596
-6 -0.61273
-6 -0.616858
10 -0.608729
5 -0.604438
3 -0.601682
3 -0.59893
4 -0.59542
-6 -0.599542
3 -0.596799
2 -0.594821
-5 -0.598174
3 -0.595437
-5 -0.598784
4 -0.595292
-5 -0.598634
5 -0.59439
4 -0.590909
-5 -0.594247
3 -0.591528
-6 -0.595616
3 -0.5929
4 -0.589434
-7 -0.594268
3 -0.59156
1 -0.590361
2 -0.588412
0 -0.58797
2 -0.586026
-6 -0.59009
10 -0.582146
-8 -0.587706
1 -0.586517
-7 -0.591317
2 -0.589379
2 -0.587444
2 -0.585512
1 -0.584328
1 -0.583147
0 -0.582712
-10 -0.589724
0 -0.589286
9 -0.582156
2 -0.580238
10 -0.572383
10 -0.56454
-8 -0.570052
3 -0.567407
2 -0.565507
1 -0.564349
9 -0.55728
10 -0.549483
-10 -0.556458
0 -0.556047
10 -0.548268
-9 -0.554492
9 -0.547461
0 -0.547059
-8 -0.552535
10 -0.544787
9 -0.537784
-10 -0.544721
-10 -0.551648
-10 -0.558565
-4 -0.561083
-3 -0.562865
-4 -0.565376
-10 -0.572263
-7 -0.576951
-6 -0.580904
-5 -0.584122
4 -0.580786
4 -0.577455
-2 -0.578488
4 -0.575163
5 -0.571118
-4 -0.573604
-4 -0.576087
-3 -0.577842
5 -0.573806
-4 -0.576283
5 -0.572254
5 -0.568231
5 -0.564214
7 -0.55876
4 -0.555476
-4 -0.557955
-4 -0.560432
7 -0.554996
5 -0.551006
-4 -0.553482
-4 -0.555954
-4 -0.558423
-2 -0.559456
-4 -0.561918
-5 -0.565093
-5 -0.568263
-6 -0.572143
-5 -0.575303
5 -0.571327
-3 -0.573058
-4 -0.575499
8 -0.569395
6 -0.564723
6 -0.560057
-4 -0.5625
-4 -0.56494
-1 -0.565248
6 -0.560595
-4 -0.563031
-5 -0.566171
-2 -0.567185
5 -0.563251
5 -0.559322
-4 -0.56175
-3 -0.56347
4 -0.560254
6 -0.555634
-3 -0.557354
-3 -0.559072
-3 -0.560787
5 -0.556882
5 -0.552982
-9 -0.558906
1 -0.557814
4 -0.554622
-4 -0.557033
5 -0.553147
-5 -0.556254
4 -0.553073
4 -0.549895
6 -0.545328
4 -0.54216
-4 -0.544568
-5 -0.547669
-5 -0.550765
-4 -0.553162
-4 -0.555556
-4 -0.557946
-2 -0.558946
-5 -0.562024
-5 -0.565097
4 -0.561938
5 -0.558091
4 -0.554941
-4 -0.55732
-5 -0.560386
-4 -0.562759
4 -0.559614
-5 -0.562672
-5 -0.565726
5 -0.561898
-7 -0.566323
3 -0.563874
3 -0.561428
-5 -0.564472
3 -0.562029
-5 -0.565068
10 -0.557837
3 -0.555404
2 -0.553657
-5 -0.556694
-10 -0.56314
-4 -0.565484
5 -0.561691
6 -0.557221
-4 -0.559564
-3 -0.561224
4 -0.558124
-5 -0.561141
8 -0.555329
5 -0.55156
5 -0.547797
8 -0.542005
-2 -0.542993
2 -0.541272
2 -0.539554
-5 -0.542568
7 -0.537475
6 -0.533063
7 -0.527984
-5 -0.530997
-4 -0.533333
3 -0.530956
10 -0.523874
4 -0.520833
-5 -0.523842
10 -0.516779
6 -0.512408
2 -0.510724
4 -0.507703
4 -0.504685
-5 -0.507692
-6 -0.511364
-5 -0.514362
2 -0.512684
-5 -0.515677
2 -0.514
-5 -0.516989
-6 -0.520639
-6 -0.524285
3 -0.521941
2 -0.520266
-7 -0.524568
3 -0.52223
2 -0.520557
2 -0.518887
3 -0.516556
3 -0.514229
2 -0.512566
10 -0.505618
2 -0.503963
-7 -0.508251
-7 -0.512533
3 -0.510218
-7 -0.514493
-10 -0.520737
2 -0.519079
10 -0.512163
-1 -0.512484
1 -0.51149
-10 -0.517717
-8 -0.522623
-8 -0.527523
-10 -0.533726
-10 -0.539921
-10 -0.546109
1 -0.545098
-8 -0.549967
10 -0.543081
-8 -0.547945
-8 -0.552803
3 -0.550489
0 -0.55013
-7 -0.554327
-9 -0.559818
2 -0.558155
3 -0.555844
2 -0.554186
-7 -0.558366
-6 -0.561892
1 -0.560881
10 -0.554045
-8 -0.558862
10 -0.552036
-7 -0.556202
-9 -0.561653
-8 -0.566452
-8 -0.571244
1 -0.570232
-7 -0.574372
-8 -0.579151
-9 -0.584566
-10 -0.590617
-8 -0.595376
8 -0.589859
0 -0.58948
-8 -0.594231
-6 -0.597694
-8 -0.602433
2 -0.600768
0 -0.600384
9 -0.594249
2 -0.592593
10 -0.585833
10 -0.579082
-9 -0.584449
10 -0.577707
9 -0.57161
1 -0.570611
8 -0.565162
0 -0.564803
-8 -0.569524
-7 -0.573604
-7 -0.577679
-3 -0.579214
-5 -0.582014
4 -0.579114
2 -0.577483
2 -0.575853
-5 -0.578648
-9 -0.583965
-6 -0.587382
-5 -0.590164
-7 -0.594203
-5 -0.596977
3 -0.594714
4 -0.591824
-6 -0.595223
3 -0.592965
-7 -0.596987
-6 -0.600376
-6 -0.603762
-6 -0.607143
-6 -0.61052
-6 -0.613892
3 -0.611632
3 -0.609375
-6 -0.612742
-7 -0.616729
-6 -0.620087
3 -0.61783
-6 -0.621184
3 -0.618929
-6 -0.622278
6 -0.618159
-5 -0.620883
-6 -0.624224
-6 -0.627561
-5 -0.630273
3 -0.628022
4 -0.625155
-6 -0.628483
-10 -0.634282
-10 -0.640074
-2 -0.640915
-10 -0.646695
-10 -0.652469
0 -0.652067
-10 -0.65783
7 -0.653112
8 -0.647783
9 -0.641846
6 -0.637761
8 -0.632452
0 -0.632064
-2 -0.632904
8 -0.627607
9 -0.621704
-2 -0.622549
7 -0.617881
-9 -0.623011
-10 -0.628746
-10 -0.634474
-1 -0.634698
-3 -0.636142
-10 -0.641855
-1 -0.642073
-1 -0.642291
-1 -0.642509
-10 -0.648205
-2 -0.649027
8 -0.643769
-9 -0.648846
-10 -0.654523
-7 -0.658374
9 -0.652517
-10 -0.658182
7 -0.653543
8 -0.648305
0 -0.647913
0 -0.647521
-1 -0.647734
7 -0.643116
-9 -0.648159
0 -0.647768
-10 -0.653406
-1 -0.653614
-1 -0.653823
-1 -0.654031
-4 -0.656043
-1 -0.65625
9 -0.65045
-9 -0.655462
-10 -0.661068
8 -0.655875
-10 -0.661474
-1 -0.661677
7 -0.657092
-10 -0.662679
-5 -0.665272
2 -0.66368
10 -0.657313
-10 -0.662888
-4 -0.664878
-10 -0.670441
-3 -0.671828
6 -0.667857
6 -0.663891
-9 -0.668847
8 -0.663696
-1 -0.663895
-9 -0.668843
6 -0.664887
-3 -0.666271
-3 -0.667654
7 -0.663114
5 -0.659763
-4 -0.661739
4 -0.658983
-3 -0.660366
-10 -0.66588
6 -0.661947
-4 -0.663915
8 -0.65881
-1 -0.659011
-5 -0.661566
-4 -0.663529
7 -0.659024
7 -0.654524
6 -0.650617
8 -0.64554
-10 -0.651026
-2 -0.651817
8 -0.646749
10 -0.640515
8 -0.635459
-8 -0.639766
7 -0.635301
-2 -0.636098
-2 -0.636894
0 -0.636523
1 -0.635569
9 -0.629953
-9 -0.634828
7 -0.630384
-1 -0.630599
8 -0.625581
6 -0.621732
-3 -0.623113
6 -0.619269
6 -0.615429
8 -0.610435
8 -0.605446
-2 -0.606254
7 -0.601852
7 -0.597455
9 -0.591908
7 -0.587522
-8 -0.591801
-1 -0.592037
-1 -0.592272
-1 -0.592507
-1 -0.592742
7 -0.588371
-3 -0.589758
9 -0.584244
10 -0.578161
8 -0.573234
-2 -0.574053
-8 -0.578313
-1 -0.578555
9 -0.573066
-9 -0.577892
3 -0.575844
3 -0.573799
2 -0.572327
10 -0.566286
1 -0.565391
10 -0.559361
1 -0.558471
2 -0.557013
-7 -0.560684
10 -0.55467
10 -0.548662
-8 -0.552901
10 -0.546902
5 -0.54375
10 -0.537763
-8 -0.541998
3 -0.539989
10 -0.534014
-5 -0.536544
-7 -0.540204
3 -0.5382
3 -0.536199
-6 -0.539288
-6 -0.542373
-6 -0.545455
3 -0.543454
4 -0.540891
3 -0.538895
4 -0.536338
3 -0.534347
-5 -0.53686
4 -0.534308
4 -0.531759
4 -0.529213
3 -0.527232
-3 -0.52862
-7 -0.532249
-7 -0.535874
3 -0.533894
10 -0.527996
-6 -0.531058
-8 -0.535235
-8 -0.539407
4 -0.536872
-6 -0.539922
10 -0.53404
4 -0.531511
1 -0.530658
4 -0.528134
-7 -0.531737
10 -0.525876
6 -0.522247
3 -0.520289
-10 -0.525556
1 -0.524708
-8 -0.528857
2 -0.527454
10 -0.521619
-7 -0.525208
-7 -0.528793
-4 -0.530714
3 -0.528761
3 -0.52681
-6 -0.529834
-8 -0.533959
-6 -0.536976
1 -0.536128
-7 -0.539691
-8 -0.543802
1 -0.542952
10 -0.537149
-10 -0.542354
-8 -0.546454
8 -0.541758
1 -0.540912
2 -0.539517
10 -0.533736
2 -0.532346
1 -0.531507
-5 -0.533954
4 -0.531472
10 -0.525711
10 -0.519956
1 -0.519126
4 -0.516658
2 -0.515284
8 -0.510638
-8 -0.514722
-6 -0.517711
-6 -0.520697
10 -0.51497
2 -0.513602
2 -0.512235
2 -0.51087
2 -0.509506
2 -0.508143
10 -0.502442
-6 -0.505423
-7 -0.508943
9 -0.503792
-6 -0.506768
2 -0.505411
-8 -0.509465
-7 -0.512973
0 -0.512696
3 -0.510799
10 -0.505127
-8 -0.509169
1 -0.508356
-8 -0.512392
-7 -0.515886
-6 -0.518837
4 -0.516407
-5 -0.518817
-7 -0.5223
-7 -0.525779
2 -0.524423
-6 -0.527361
3 -0.525469
-6 -0.528403
-3 -0.529727
-6 -0.532655
-7 -0.536116
-7 -0.539572
-5 -0.541956
2 -0.540598
-6 -0.543513
-6 -0.546425
0 -0.546133
-6 -0.549041
-4 -0.550879
3 -0.548988
3 -0.5471
-6 -0.55
-6 -0.552897
3 -0.55101
-5 -0.553372
-6 -0.556263
-5 -0.558621
-5 -0.560976
3 -0.559089
4 -0.556674
-6 -0.559555
4 -0.557143
-5 -0.559492
5 -0.556554
-4 -0.558373
5 -0.555438
6 -0.551979
3 -0.550105
-5 -0.552451
3 -0.55058
4 -0.548183
3 -0.546316
4 -0.543924
-5 -0.546267
4 -0.543878
4 -0.541492
3 -0.539633
3 -0.537775
-6 -0.54064
3 -0.538784
-7 -0.542169
6 -0.538743
-5 -0.541078
3 -0.539226
-3 -0.540512
-5 -0.542842
10 -0.537337
-6 -0.540188
3 -0.538341
3 -0.536496
-5 -0.538822
3 -0.536979
-7 -0.540344
2 -0.539022
2 -0.537702
1 -0.536902
-5 -0.539221
-7 -0.542575
-7 -0.545926
-8 -0.549793
10 -0.544323
10 -0.53886
0 -0.538581
-9 -0.542961
1 -0.542162
-8 -0.546019
-8 -0.549871
-7 -0.553202
10 -0.547754
10 -0.542312
1 -0.541516
10 -0.536082
2 -0.534776
-7 -0.538105
-7 -0.541431
-8 -0.545267
-6 -0.548072
-5 -0.55036
-8 -0.554186
-10 -0.559035
9 -0.55413
1 -0.553333
-9 -0.557663
8 -0.553279
-7 -0.55658
8 -0.552201
0 -0.551918
-3 -0.55317
-10 -0.557997
-1 -0.558223
-9 -0.562532
-9 -0.566837
-1 -0.567058
0 -0.566769
9 -0.561895
10 -0.556517
0 -0.556234
0 -0.555951
8 -0.551601
8 -0.547256
10 -0.541899
10 -0.536548
-10 -0.54135
-4 -0.543103
6 -0.539787
5 -0.536981
5 -0.534177
5 -0.531377
-5 -0.533637
5 -0.530839
-4 -0.532592
-4 -0.534343
-4 -0.536093
5 -0.5333
-4 -0.535048
4 -0.532762
-6 -0.535516
-5 -0.537764
4 -0.535481
4 -0.533199
5 -0.530417
5 -0.527638
-4 -0.529382
4 -0.527108
4 -0.524837
-4 -0.52658
-5 -0.528822
-6 -0.531563
-3 -0.532799
2 -0.531532
-6 -0.534267
-6 -0.537
3 -0.535232
5 -0.532468
3 -0.530704
3 -0.528942
10 -0.523691
3 -0.521934
4 -0.519681
-5 -0.521912
3 -0.520159
-4 -0.521891
-5 -0.524117
-5 -0.526342
-5 -0.528564
-4 -0.530288
4 -0.52804
4 -0.525794
-6 -0.528508
3 -0.526759
4 -0.524517
3 -0.522772
-6 -0.525482
-6 -0.52819
3 -0.526446
-7 -0.529644
5 -0.526914
4 -0.524679
4 -0.522447
4 -0.520217
6 -0.517003
-5 -0.519212
5 -0.516494
-4 -0.518209
6 -0.515002
8 -0.510816
-4 -0.512531
4 -0.510314
-6 -0.513009
4 -0.510795
4 -0.508583
-4 -0.510294
8 -0.506124
-3 -0.507346
6 -0.504161
-6 -0.506849
3 -0.505134
6 -0.501955
2 -0.500733
5 -0.498047
5 -0.495364
-5 -0.497561
3 -0.495856
-5 -0.498051
3 -0.496347
-6 -0.499026
4 -0.496837
5 -0.494163
3 -0.492465
2 -0.491254
-5 -0.493443
-7 -0.496602
6 -0.49345
4 -0.491271
4 -0.489094
-5 -0.491279
4 -0.489104
5 -0.486447
6 -0.483309
-4 -0.48501
-4 -0.486709
2 -0.485507
4 -0.483341
-5 -0.485521
-6 -0.488181
-5 -0.490357
4 -0.488193
-7 -0.491329
2 -0.49013
4 -0.487969
-7 -0.491101
2 -0.489904
-6 -0.492552
-3 -0.493756
-6 -0.496399
3 -0.494722
-5 -0.496882
-6 -0.499521
3 -0.497844
2 -0.496648
10 -0.491623
-6 -0.494258
-6 -0.496891
2 -0.495698
-8 -0.499283
-6 -0.50191
3 -0.500239
3 -0.498569
1 -0.497854
-7 -0.500953
9 -0.496427
-6 -0.499048
-8 -0.502618
10 -0.497621
3 -0.495958
-6 -0.498574
-6 -0.501188
10 -0.496201
2 -0.495017
0 -0.494782
2 -0.493599
-7 -0.496682
10 -0.49171
3 -0.490057
-6 -0.492664
-7 -0.495743
-6 -0.498345
3 -0.496692
-8 -0.500236
2 -0.499056
3 -0.497404
-7 -0.500472
-6 -0.503065
1 -0.502356
3 -0.500707
-7 -0.503766
-6 -0.506353
3 -0.504704
2 -0.503526
-7 -0.506579
2 -0.505402
-6 -0.507981
-6 -0.510558
-6 -0.513133
3 -0.511486
-7 -0.514527
2 -0.513349
10 -0.508427
10 -0.50351
9 -0.499065
-8 -0.502571
10 -0.497664
-8 -0.501168
2 -0.5
-7 -0.503033
-8 -0.50653
-8 -0.510023
2 -0.508854
2 -0.507685
1 -0.506983
10 -0.502094
1 -0.501395
10 -0.496513
1 -0.495818
1 -0.495123
-7 -0.498143
-6 -0.500696
1 -0.5
9 -0.495596
2 -0.494439
2 -0.493284
1 -0.492593
-8 -0.496067
7 -0.492599
-10 -0.496995
8 -0.493068
1 -0.492379
8 -0.488458
-1 -0.488694
-1 -0.48893
-1 -0.489166
9 -0.484793
8 -0.480884
8 -0.47698
1 -0.4763
0 -0.476081
-9 -0.48
-10 -0.484375
-9 -0.488287
-10 -0.492654
-10 -0.497017
-10 -0.501376
-10 -0.505731
-10 -0.510082
-10 -0.51443
-5 -0.516484
-10 -0.520824
8 -0.516926
0 -0.51669
-1 -0.51691
5 -0.51439
-3 -0.515525
7 -0.512095
-3 -0.51323
-3 -0.514364
0 -0.514129
-3 -0.515262
7 -0.51184
-10 -0.516158
-3 -0.517288
6 -0.514325
3 -0.512727
7 -0.509314
-8 -0.512716
10 -0.507944
10 -0.503176
9 -0.498866
9 -0.49456
2 -0.49343
-9 -0.497283
-1 -0.49751
-9 -0.501357
-1 -0.501583
-8 -0.504973
9 -0.500678
1 -0.5
8 -0.496163
0 -0.495939
9 -0.491655
7 -0.488278
-10 -0.492564
7 -0.489189
0 -0.488969
0 -0.488749
-3 -0.489879
-9 -0.493705
-1 -0.493933
7 -0.490566
-10 -0.494836
3 -0.493268
3 -0.4917
10 -0.486996
-5 -0.489018
-5 -0.491039
-4 -0.492611
-3 -0.493733
-2 -0.494407
7 -0.491055
-2 -0.49173
-2 -0.492404
-2 -0.493077
-10 -0.497321
6 -0.494422
5 -0.491971
5 -0.489523
-1 -0.48975
-9 -0.493541
7 -0.490205
-5 -0.492212
5 -0.489769
-2 -0.49044
5 -0.488
-3 -0.489116
5 -0.486679
5 -0.484243
-6 -0.48669
6 -0.483814
-2 -0.484486
-1 -0.484714
6 -0.481842
-2 -0.482514
6 -0.479646
8 -0.475896
6 -0.473033
6 -0.470172
5 -0.467756
-10 -0.471965
-10 -0.476169
7 -0.472872
-2 -0.473545
-2 -0.474218
-1 -0.474449
-1 -0.474681
-2 -0.475352
7 -0.472063
7 -0.468777
8 -0.465055
-10 -0.469244
5 -0.466842
-3 -0.467954
-2 -0.468627
6 -0.465789
-1 -0.466024
-2 -0.466696
7 -0.463425
-2 -0.464098
-10 -0.468271
-1 -0.468504
-10 -0.472672
-3 -0.473776
-2 -0.474443
8 -0.470742
-4 -0.472283
8 -0.468586
7 -0.465329
7 -0.462075
-3 -0.463181
-10 -0.467334
-1 -0.467566
9 -0.463446
-1 -0.46368
-2 -0.464348
7 -0.461104
-10 -0.465248
-4 -0.466782
-10 -0.47092
-7 -0.473753
7 -0.470512
-10 -0.474642
-2 -0.475303
-10 -0.479428
10 -0.474892
-8 -0.478148
10 -0.473616
-8 -0.47687
2 -0.475799
5 -0.473434
-7 -0.476252
10 -0.471731
2 -0.470664
2 -0.469599
-7 -0.472414
9 -0.468333
-7 -0.471146
2 -0.470082
-7 -0.472892
3 -0.471398
3 -0.469905
10 -0.465406
3 -0.463918
-7 -0.466724
-6 -0.469099
4 -0.467181
3 -0.465695
5 -0.463352
4 -0.46144
4 -0.459529
10 -0.455051
10 -0.450578
-5 -0.452524
3 -0.451047
-6 -0.453419
-6 -0.455788
3 -0.454313
-5 -0.456253
2 -0.455205
3 -0.453731
-7 -0.456522
2 -0.455475
3 -0.454003
-7 -0.45679
3 -0.455319
-4 -0.456827
-6 -0.459184
4 -0.457289
2 -0.456245
4 -0.454352
4 -0.452462
2 -0.451421
8 -0.447837
-9 -0.451462
10 -0.447034
2 -0.445997
-8 -0.449196
1 -0.448582
-5 -0.450508
-5 -0.452431
-5 -0.454353
-5 -0.456274
3 -0.454814
-7 -0.457577
10 -0.453165
-6 -0.455504
-6 -0.457841
4 -0.455963
-7 -0.458719
1 -0.458105
3 -0.45665
-7 -0.459403
-7 -0.462153
-5 -0.464061
10 -0.459664
1 -0.459051
-6 -0.461377
-6 -0.463701
-7 -0.466443
3 -0.46499
-9 -0.468567
0 -0.46837
-7 -0.471106
3 -0.469653
2 -0.468619
-6 -0.470933
-7 -0.473662
-7 -0.476389
-8 -0.479532
-7 -0.482255
-7 -0.484975
-7 -0.487693
-6 -0.489992
10 -0.485619
2 -0.484583
-7 -0.487297
-8 -0.490425
-7 -0.493134
-7 -0.49584
-9 -0.499376
2 -0.498337
3 -0.496884
2 -0.495847
2 -0.494811
3 -0.493361
10 -0.489009
1 -0.488391
3 -0.486946
-7 -0.489644
-8 -0.492754
4 -0.490894
2 -0.489863
2 -0.488834
3 -0.487391
-6 -0.489669
5 -0.487402
3 -0.485962
-6 -0.488238
-6 -0.490512
2 -0.489485
10 -0.485161
2 -0.484137
-9 -0.487644
2 -0.48662
3 -0.485185
-7 -0.487865
-5 -0.48972
5 -0.487464
-6 -0.489729
4 -0.487885
3 -0.486453
5 -0.484202
-5 -0.486054
3 -0.484625
3 -0.483197
-4 -0.484637
-5 -0.486486
7 -0.483422
-4 -0.484861
-5 -0.486708
5 -0.484464
-3 -0.485492
5 -0.483252
3 -0.481829
4 -0.48
-5 -0.481844
1 -0.48124
-4 -0.482674
4 -0.480848
5 -0.478615
-3 -0.479642
-10 -0.483516
-4 -0.484947
4 -0.483123
4 -0.481301
6 -0.478667
4 -0.476848
-4 -0.478279
-4 -0.479708
-4 -0.481136
5 -0.478913
-3 -0.479935
4 -0.47812
-5 -0.479951
-5 -0.481781
-5 -0.48361
-6 -0.485841
9 -0.482006
-4 -0.483428
5 -0.481212
5 -0.478998
5 -0.476786
5 -0.474576
4 -0.472771
-5 -0.474597
-5 -0.476421
4 -0.474617
2 -0.473621
3 -0.472222
-7 -0.474849
-8 -0.477876
4 -0.476076
2 -0.47508
10 -0.470872
10 -0.466667
-6 -0.468888
9 -0.465088
10 -0.46089
9 -0.457097
-8 -0.46012
10 -0.455929
1 -0.455346
10 -0.451161
0 -0.45098
-8 -0.454
10 -0.44982
2 -0.448841
-6 -0.451059
1 -0.450479
4 -0.448703
2 -0.447725
-7 -0.450339
-7 -0.452951
-8 -0.455959
-1 -0.456175
3 -0.454799
0 -0.454618
1 -0.454039
-1 -0.454256
9 -0.450497
7 -0.447536
-2 -0.448153
-4 -0.449563
6 -0.447003
7 -0.444048
9 -0.440301
5 -0.438144
6 -0.435593
5 -0.433439
4 -0.431683
6 -0.429137
5 -0.426989
5 -0.424842
6 -0.422301
6 -0.419763
-4 -0.421177
-4 -0.422591
-4 -0.424003
-3 -0.42502
-4 -0.42643
4 -0.424685
6 -0.422152
4 -0.42041
-6 -0.422607
7 -0.419685
6 -0.417159
-4 -0.418568
4 -0.416831
-4 -0.418239
-5 -0.420039
4 -0.418303
-4 -0.419709
-4 -0.421115
-3 -0.422126
-4 -0.423529
5 -0.421403
6 -0.418887
3 -0.417548
5 -0.415427
5 -0.413307
4 -0.411581
5 -0.409464
5 -0.407349
6 -0.404846
-5 -0.406641
-4 -0.408044
5 -0.405933
-4 -0.407335
6 -0.404836
-3 -0.405848
6 -0.403352
5 -0.401247
-3 -0.402259
5 -0.400156
-6 -0.402335
4 -0.400622
3 -0.3993
-7 -0.401866
4 -0.400155
-6 -0.40233
-6 -0.404503
-5 -0.406286
4 -0.404577
-3 -0.405584
-4 -0.406977
-4 -0.408369
5 -0.406274
5 -0.404181
-4 -0.405573
-5 -0.40735
-5 -0.409126
4 -0.407422
-5 -0.409196
4 -0.407493
-2 -0.408108
6 -0.405635
-3 -0.406636
-4 -0.408022
-5 -0.409792
-6 -0.411946
5 -0.409861
-4 -0.411244
-4 -0.412625
-4 -0.414005
-5 -0.415769
5 -0.413687
-3 -0.414681
-2 -0.41529
7 -0.412442
5 -0.410365
-4 -0.411742
7 -0.408899
5 -0.406825
-5 -0.408586
-4 -0.409962
-6 -0.412103
4 -0.410413
5 -0.408343
-4 -0.409717
4 -0.408031
-5 -0.409786
5 -0.407719
-4 -0.409091
5 -0.407026
-2 -0.407634
-6 -0.409767
7 -0.406941
-1 -0.407167
-4 -0.408537
4 -0.406857
-5 -0.408606
-4 -0.409973
5 -0.407915
-4 -0.409281
-4 -0.410646
5 -0.40859
5 -0.406535
4 -0.404861
4 -0.403189
-5 -0.404934
-4 -0.406297
-4 -0.40766
5 -0.40561
-5 -0.407351
-6 -0.40947
-4 -0.410829
5 -0.408781
4 -0.407113
5 -0.405068
-3 -0.406049
-8 -0.408919
6 -0.406498
-7 -0.408988
4 -0.407324
-5 -0.409057
4 -0.407393
-5 -0.409125
-5 -0.410856
4 -0.409194
5 -0.407156
0 -0.407003
-6 -0.409108
-7 -0.411588
-6 -0.413689
3 -0.412406
3 -0.411124
-6 -0.413223
3 -0.411941
-7 -0.414414
2 -0.413508
2 -0.412603
-7 -0.415073
3 -0.413793
-8 -0.416635
-8 -0.419476
-6 -0.421565
2 -0.420659
-6 -0.422746
-6 -0.424832
-8 -0.427664
-6 -0.429746
-7 -0.4322
-7 -0.434653
0 -0.43449
-10 -0.43806
10 -0.434166
10 -0.430276
10 -0.426388
2 -0.425484
2 -0.424581
-6 -0.426657
-8 -0.429475
1 -0.428943
-7 -0.431387
-6 -0.433457
-7 -0.435897
-6 -0.437964
3 -0.436688
3 -0.435412
-7 -0.437848
2 -0.436944
-7 -0.439377
10 -0.435508
-6 -0.437569
2 -0.436667
2 -0.435765
-8 -0.438564
-4 -0.439882
0 -0.439719
-8 -0.442514
2 -0.441611
2 -0.440709
2 -0.439808
3 -0.438538
-6 -0.44059
2 -0.43969
-5 -0.441372
-7 -0.443789
3 -0.44252
2 -0.441621
-5 -0.443299
-7 -0.445712
-7 -0.448124
10 -0.444281
3 -0.443015
2 -0.442117
0 -0.441954
10 -0.43812
-6 -0.440162
2 -0.439266
2 -0.438371
-6 -0.440411
-6 -0.442449
-6 -0.444485
-6 -0.44652
3 -0.445258
3 -0.443997
4 -0.442371
-5 -0.444038
-6 -0.446069
4 -0.444444
3 -0.443186
3 -0.441928
-7 -0.444323
2 -0.443431
10 -0.439621
4 -0.438001
-10 -0.441487
-10 -0.444971
-8 -0.447723
-10 -0.451202
-10 -0.454678
-10 -0.458151
-10 -0.461622
-10 -0.465091
-10 -0.468557
-2 -0.469113
8 -0.466037
-1 -0.466231
7 -0.463521
8 -0.46045
-9 -0.463547
0 -0.463379
8 -0.460312
8 -0.457246
-1 -0.457443
-1 -0.457639
-10 -0.461093
9 -0.45767
7 -0.454973
-10 -0.458424
0 -0.458258
-9 -0.461344
-9 -0.464428
7 -0.461733
-10 -0.465175
-2 -0.465729
0 -0.465561
-9 -0.468637
-1 -0.468829
-2 -0.46938
-1 -0.469571
-2 -0.470122
8 -0.467074
8 -0.464029
8 -0.460985
-1 -0.461179
-10 -0.464607
-1 -0.464799
-2 -0.46535
6 -0.463029
-10 -0.466451
-10 -0.469871
-1 -0.470061
-2 -0.470609
6 -0.468291
7 -0.465616
8 -0.462585
6 -0.460272
6 -0.457961
-1 -0.458155
6 -0.455846
-2 -0.456397
7 -0.453733
-2 -0.454286
-2 -0.454838
-1 -0.455032
8 -0.452016
-2 -0.452568
-4 -0.453832
5 -0.451889
7 -0.449234
8 -0.446225
-2 -0.446778
1 -0.446263
10 -0.442547
-9 -0.44559
-10 -0.448987
7 -0.44634
0 -0.446181
-10 -0.449574
-2 -0.450124
-1 -0.450319
-2 -0.450869
9 -0.447518
-2 -0.448068
8 -0.445074
-2 -0.445625
9 -0.44228
9 -0.438938
8 -0.435952
0 -0.435798
-1 -0.435997
10 -0.432308
-10 -0.435689
9 -0.432356
-5 -0.433969
5 -0.432051
-3 -0.432957
-4 -0.434215
-10 -0.437588
-8 -0.440254
9 -0.436927
-1 -0.437126
0 -0.436972
9 -0.43365
1 -0.433146
8 -0.430179
-10 -0.433544
0 -0.433392
-10 -0.436753
8 -0.43379
9 -0.430478
-1 -0.430677
9 -0.427368
9 -0.424062
-9 -0.427069
-2 -0.42762
0 -0.42747
-1 -0.427671
-8 -0.430322
6 -0.428071
-2 -0.428621
8 -0.425673
-1 -0.425874
-2 -0.426424
9 -0.423131
-7 -0.425428
-7 -0.427723
2 -0.426876
4 -0.425331
4 -0.423788
-4 -0.425035
5 -0.423144
6 -0.420906
-1 -0.421108
7 -0.418524
-4 -0.41977
6 -0.417537
7 -0.414957
7 -0.412378
7 -0.409802
-3 -0.410702
7 -0.408128
-2 -0.408681
6 -0.406456
-4 -0.407703
7 -0.405134
-3 -0.406033
6 -0.403813
6 -0.401594
5 -0.399723
7 -0.397161
-4 -0.398408
5 -0.39654
-4 -0.397786
6 -0.395574
5 -0.393709
-3 -0.39461
7 -0.392055
7 -0.389503
-10 -0.39282
0 -0.392685
5 -0.390824
8 -0.387931
9 -0.384695
-10 -0.388008
8 -0.385119
4 -0.383609
-2 -0.384165
-1 -0.384377
-10 -0.387685
-2 -0.388239
-1 -0.38845
-2 -0.389003
7 -0.386465
-1 -0.386676
7 -0.38414
-10 -0.38744
-2 -0.387993
-2 -0.388546
-2 -0.389098
-1 -0.389308
-3 -0.390202
8 -0.387329
-5 -0.388908
-10 -0.392197
8 -0.389326
-2 -0.389877
8 -0.387009
10 -0.383459
-9 -0.386402
-2 -0.386954
-3 -0.387846
-3 -0.388737
7 -0.386216
10 -0.382674
-9 -0.385612
9 -0.382413
9 -0.379216
-1 -0.379428
9 -0.376234
-1 -0.376447
10 -0.372916
2 -0.372109
-1 -0.372322
1 -0.371856
2 -0.37105
10 -0.367527
1 -0.367063
-8 -0.369654
2 -0.36885
-4 -0.370081
-7 -0.37233
1 -0.371864
1 -0.3714
10 -0.367886
-8 -0.370471
-9 -0.373392
2 -0.372589
3 -0.371448
10 -0.36794
2 -0.36714
10 -0.363636
3 -0.3625
10 -0.359
-7 -0.361242
3 -0.360108
-6 -0.362011
-6 -0.363912
3 -0.362778
-6 -0.364678
3 -0.363544
-5 -0.365106
-3 -0.365993
3 -0.36486
5 -0.363055
-5 -0.364615
-4 -0.365837
4 -0.36437
-5 -0.365927
4 -0.364461
4 -0.362995
5 -0.361195
-5 -0.362752
3 -0.361624
4 -0.360161
-5 -0.361716
-8 -0.364276
-8 -0.366834
-4 -0.368051
-6 -0.369936
1 -0.369478
5 -0.367681
5 -0.365886
5 -0.364092
-1 -0.364305
-9 -0.36719
10 -0.363727
0 -0.363606
-5 -0.365154
3 -0.364031
-4 -0.365243
-2 -0.365789
-10 -0.369
-10 -0.372209
10 -0.368754
-9 -0.371628
2 -0.370839
3 -0.369717
10 -0.366267
-8 -0.368806
-8 -0.371343
1 -0.370887
-8 -0.373422
-7 -0.375623
8 -0.372842
-6 -0.37471
3 -0.37359
-9 -0.376451
2 -0.375663
-8 -0.37819
2 -0.377402
-8 -0.379927
3 -0.378808
1 -0.378352
4 -0.376903
4 -0.375455
10 -0.372024
3 -0.370909
2 -0.370126
-1 -0.370334
2 -0.369551
2 -0.368769
2 -0.367987
-7 -0.370175
-7 -0.372361
10 -0.368942
-7 -0.371127
-7 -0.373311
10 -0.369895
-7 -0.372078
2 -0.371297
2 -0.370517
-9 -0.373355
-8 -0.375863
9 -0.372781
-9 -0.375616
1 -0.375164
1 -0.374713
-8 -0.377216
7 -0.374795
-7 -0.376969
-7 -0.379141
-6 -0.380984
-6 -0.382825
3 -0.381717
-6 -0.383557
3 -0.382449
-5 -0.383961
-6 -0.385798
-6 -0.387635
2 -0.386854
-6 -0.388689
3 -0.387582
-6 -0.389415
-7 -0.391574
-7 -0.393732
-6 -0.395561
2 -0.39478
-7 -0.396934
-6 -0.398761
4 -0.397327
3 -0.39622
5 -0.394463
3 -0.393357
3 -0.392253
2 -0.391474
-5 -0.392973
5 -0.39122
3 -0.390117
-5 -0.391615
-5 -0.393112
5 -0.391361
3 -0.39026
4 -0.388835
-5 -0.390331
4 -0.388907
4 -0.387484
-5 -0.388979
4 -0.387557
-4 -0.388727
4 -0.387306
-6 -0.389123
-6 -0.390939
-3 -0.391783
-4 -0.39295
4 -0.391529
-5 -0.393019
4 -0.391599
-5 -0.393088
3 -0.391992
-5 -0.39348
4 -0.392062
-6 -0.393871
3 -0.392777
-7 -0.394907
-5 -0.396391
-5 -0.397874
10 -0.394525
1 -0.394076
-5 -0.395558
-4 -0.396718
2 -0.395947
5 -0.394212
10 -0.390871
-6 -0.392674
3 -0.391584
1 -0.391137
-7 -0.393258
1 -0.392811
-7 -0.394931
-10 -0.398012
1 -0.397563
-8 -0.4
-8 -0.402435
10 -0.399103
4 -0.397695
10 -0.394366
1 -0.39392
8 -0.391235
-7 -0.393348
10 -0.390026
2 -0.389262
-9 -0.392013
-8 -0.394443
1 -0.393997
9 -0.390999
-10 -0.394065
-2 -0.394577
-2 -0.395089
-2 -0.395601
7 -0.393244
-2 -0.393756
-2 -0.394268
-2 -0.394779
-3 -0.395608
-3 -0.396437
-4 -0.397583
6 -0.395548
-4 -0.396694
-5 -0.398157
-3 -0.398983
7 -0.396634
7 -0.394286
6 -0.392256
8 -0.389594
4 -0.388202
5 -0.386493
5 -0.384786
-4 -0.385932
5 -0.384226
4 -0.382837
-6 -0.384615
-5 -0.386076
4 -0.384688
5 -0.382985
4 -0.3816
3 -0.380531
-3 -0.381359
-3 -0.382186
-3 -0.383012
6 -0.380997
4 -0.379615
-4 -0.380757
5 -0.37906
4 -0.37768
-3 -0.378506
6 -0.376497
4 -0.375118
-4 -0.376259
-4 -0.3774
-4 -0.37854
-3 -0.379365
5 -0.377673
6 -0.375668
4 -0.374293
4 -0.372919
-5 -0.374372
4 -0.372998
6 -0.370998
6 -0.368999
6 -0.367001
-4 -0.36814
5 -0.366458
-4 -0.367596
4 -0.366228
-4 -0.367366
-6 -0.36913
4 -0.367762
-5 -0.369212
4 -0.367845
-6 -0.369606
4 -0.36824
-6 -0.37
3 -0.368947
5 -0.36727
4 -0.365907
-5 -0.367353
4 -0.365991
4 -0.364629
-4 -0.365762
4 -0.364401
-3 -0.365223
5 -0.363551
-5 -0.364995
-5 -0.366438
4 -0.365079
-4 -0.36621
4 -0.364852
-5 -0.366294
-4 -0.367423
-4 -0.368552
4 -0.367195
-5 -0.368634
-5 -0.370071
-4 -0.371198
6 -0.369221
-5 -0.370658
