-7 -7
-6 -6.83311
2 -5.4422
3 -4.16981
10 -2.10352
-7 -2.79998
5 -1.71118
-8 -2.57669
10 -0.864203
-8 -1.82804
10 -0.240102
-6 -1.00984
0 -0.875355
-7 -1.68889
1 -1.33243
-7 -2.08266
1 -1.67506
4 -0.925299
-6 -1.59532
-7 -2.30856
2 -1.74017
-6 -2.30198
-9 -3.18516
9 -1.57871
-6 -2.16153
3 -1.48119
9 -0.0997552
-10 -1.40455
-2 -1.48303
-9 -2.47366
7 -1.22519
7 -0.141267
-4 -0.649768
4 -0.0370305
6 0.758513
-4 0.131452
5 0.77301
5 1.33002
-5 0.495883
5 1.08941
-5 0.286982
-3 -0.14616
6 0.663749
5 1.23516
-3 0.677071
-4 0.0607516
-4 -0.474352
-3 -0.807168
4 -0.173706
4 0.376282
5 0.98557
4 1.3828
5 1.85945
5 2.27329
5 2.6326
-5 1.62682
5 2.07132
-4 1.27128
-5 0.444882
5 1.04513
-4 0.380311
3 0.725519
5 1.28879
-5 0.460085
5 1.05833
-5 0.259997
5 0.884608
-3 0.372716
-3 -0.0717219
4 0.464827
-8 -0.650621
2 -0.301337
3 0.133695
-4 -0.41102
6 0.433788
-4 -0.150472
4 0.396454
5 1.00308
4 1.398
-4 0.686682
-4 0.0690974
-4 -0.467106
3 -0.0102297
-5 -0.667754
-5 -1.23863
-5 -1.73429
-8 -2.55995
4 -1.69551
-5 -2.13096
3 -1.45483
-6 -2.05377
-9 -2.9691
3 -2.18253
3 -1.4996
-4 -1.82909
-3 -1.98339
4 -1.19493
-5 -1.69634
-6 -2.26345
10 -0.647443
5 0.0967455
1 0.215771
3 0.582662
-6 -0.284765
2 0.0163086
3 0.409483
2 0.619072
3 0.932818
-6 0.0192495
2 0.280262
5 0.902203
2 1.04686
-9 -0.277056
1 -0.108772
10 1.22331
9 2.24808
-1 1.82006
-9 0.394254
9 1.52827
0 1.32688
0 1.15204
10 2.31797
2 2.27607
-9 0.790172
1 0.817822
0 0.710054
-9 -0.569483
-9 -1.68041
-9 -2.64495
9 -1.11044
0 -0.964111
-9 -2.02304
-9 -2.94242
-9 -3.74066
-9 -4.4337
9 -2.66348
9 -1.12653
0 -0.978086
-9 -2.03517
9 -0.581016
-9 -1.69042
-9 -2.65364
-9 -3.48993
-10 -4.34779
-2 -4.03841
-1 -3.63803
-10 -4.47637
9 -2.70053
-1 -2.47644
-10 -3.46786
-2 -3.27443
-10 -4.16069
-1 -3.74419
9 -2.06483
0 -1.79274
9 -0.370532
-9 -1.50768
8 -0.254807
-9 -1.4072
0 -1.22177
-8 -2.11496
10 -0.518522
-9 -1.63616
-10 -2.7383
-1 -2.50924
-2 -2.44214
8 -1.06613
-2 -1.18919
1 -0.90071
-10 -2.09976
-10 -3.14081
-1 -2.85871
-1 -2.61378
7 -1.34693
-10 -2.48718
-9 -3.3454
-9 -4.09054
9 -2.36554
-10 -3.37156
-1 -3.05905
-8 -3.71014
9 -2.03527
-10 -3.08482
-1 -2.81009
10 -1.12205
7 -0.0517713
1 0.0868253
0 0.075384
7 0.987872
0 0.857695
-1 0.612899
-3 0.136811
8 1.17298
9 2.20438
8 2.96809
-1 2.4452
-8 1.06879
-2 0.664402
-2 0.313302
9 1.45799
7 2.18828
-10 0.582178
8 1.55966
0 1.35413
-2 0.912145
8 1.84614
-1 1.47109
-8 0.223046
8 1.24785
8 2.13761
-1 1.72415
-10 0.17921
0 0.155595
-2 -0.128458
2 0.152019
9 1.31796
0 1.14428
0 0.993496
9 2.04855
9 2.96457
9 3.75989
9 4.4504
9 5.04992
-1 4.2527
8 4.7465
-10 2.80328
9 3.61985
-1 3.01107
10 3.93204
0 3.41389
-8 1.90983
-10 0.340422
-7 -0.626858
0 -0.544254
10 0.845209
9 1.9198
-10 0.349077
0 0.303078
0 0.26314
-9 -0.957506
0 -0.831331
8 0.332413
8 1.34281
-1 1.03408
9 2.08379
8 2.86339
-2 2.22252
7 2.85207
-9 1.29027
-9 -0.0657236
8 0.997133
6 1.65638
7 2.36054
-1 1.9177
8 2.71919
-1 2.2291
-1 1.80359
7 2.48834
7 3.08286
-1 2.54485
8 3.2637
-10 1.51588
-8 0.261929
-10 -1.09033
9 0.239317
8 1.26198
-1 0.963906
-10 -0.480857
-1 -0.549267
7 0.445534
8 1.44102
-1 1.11936
8 2.02605
-10 0.441323
-3 -0.0121558
-10 -1.3283
-1 -1.28504
-3 -1.51103
0 -1.31191
-1 -1.27081
-1 -1.23512
-8 -2.12656
2 -1.58279
7 -0.451794
-9 -1.57823
1 -1.23848
9 0.110686
-8 -0.958095
8 0.222353
3 0.588376
2 0.774392
-7 -0.250074
-7 -1.13954
-7 -1.9118
-7 -2.5823
2 -1.97847
2 -1.45421
3 -0.867255
10 0.564772
-6 -0.300298
3 0.134597
1 0.248635
1 0.347646
9 1.48781
10 2.6095
-8 1.21143
-6 0.261152
-7 -0.695683
-10 -1.92175
-10 -2.98626
-10 -3.91049
-10 -4.71293
-5 -4.75076
10 -2.80699
-5 -3.09597
6 -1.89735
6 -0.856685
6 0.0468512
-2 -0.222871
7 0.728919
-10 -0.684879
-10 -1.91237
8 -0.606176
-8 -1.58049
2 -1.10868
1 -0.830806
-10 -2.03907
-7 -2.6928
4 -1.81086
-5 -2.2311
-6 -2.72775
-6 -3.15895
-5 -3.40155
-5 -3.61219
-5 -3.79506
4 -2.76787
-3 -2.79846
-5 -3.08857
-6 -3.47222
5 -2.3558
2 -1.78182
1 -1.41524
-6 -2.0194
-5 -2.41216
-10 -3.41205
-10 -4.28017
-4 -4.24325
-5 -4.34297
4 -3.24358
-5 -3.47503
5 -2.35824
5 -1.38861
-3 -1.60095
-4 -1.91708
-4 -2.19156
-5 -2.56164
-3 -2.61941
3 -1.87891
4 -1.10422
3 -0.563389
-7 -1.41157
1 -1.09379
-7 -1.87207
-6 -2.41603
-10 -3.4154
-10 -4.28309
-5 -4.37756
-6 -4.59135
6 -3.19568
-3 -3.1699
-4 -3.27928
6 -2.05651
6 -0.994868
5 -0.204898
-2 -0.441446
-3 -0.778598
-4 -1.2031
-5 -1.70343
6 -0.688316
-4 -1.12471
6 -0.185856
-4 -0.688463
-5 -1.25661
-4 -1.61812
3 -1.00957
-6 -1.66718
-4 -1.97459
4 -1.18729
-5 -1.68971
-4 -1.99415
6 -0.940721
6 -0.0261113
-3 -0.417994
-2 -0.626462
4 -0.0168124
9 1.17137
5 1.67589
5 2.11392
-4 1.30826
5 1.79474
-3 1.16292
-5 0.3508
5 0.963446
-2 0.57294
4 1.02454
-6 0.0988838
-5 -0.573019
4 0.0295883
7 0.948111
7 1.7456
-3 1.12025
-3 0.577303
-1 0.369455
-10 -0.996974
-1 -0.997373
-2 -1.12949
-1 -1.11243
-10 -2.28358
-10 -3.30041
-10 -4.18325
8 -2.57781
-3 -2.63344
6 -1.49577
-3 -1.69399
8 -0.416571
7 0.560744
7 1.40927
-1 1.09179
-3 0.552599
7 1.4022
-2 0.953878
7 1.7506
-10 0.202173
6 0.966179
-8 -0.215335
7 0.735462
6 1.42919
7 2.16328
7 2.80064
-4 1.90449
-2 1.38998
8 2.26101
7 2.88549
-10 1.18751
-1 0.899251
8 1.83495
-2 1.3296
-1 1.02262
-1 0.756089
-8 -0.39774
8 0.708868
8 1.66965
9 2.63561
0 2.2883
-1 1.85499
-2 1.347
-1 1.03772
7 1.8234
-2 1.31957
-1 1.01391
-1 0.74853
7 1.57231
8 2.41932
8 3.15471
-9 1.55303
8 2.40258
8 3.14017
8 3.78057
-9 2.09642
-2 1.55662
-1 1.21972
8 2.11319
0 1.83472
-9 0.406984
-10 -0.964391
-10 -2.15505
10 -0.553328
-1 -0.612188
-9 -1.71749
-10 -2.80891
-4 -2.96587
7 -1.65262
-8 -2.48904
8 -1.10685
8 0.0931967
-2 -0.182633
9 1.0274
-10 -0.425727
-1 -0.501401
-8 -1.48953
-10 -2.61099
-10 -3.58467
-1 -3.24408
-10 -4.13434
-10 -4.90728
7 -3.33821
5 -2.23944
4 -1.41724
-5 -1.88936
4 -1.11329
4 -0.439491
-5 -1.04045
-6 -1.69399
3 -1.07544
4 -0.406629
4 0.174052
-5 -0.507756
4 0.0862511
3 0.470209
4 0.935345
4 1.33919
-6 0.372071
-6 -0.467605
4 0.121111
-5 -0.553721
-5 -1.13963
4 -0.462355
4 0.125669
-5 -0.549763
-6 -1.26797
3 -0.705556
-7 -1.535
-3 -1.72805
6 -0.709692
2 -0.352624
-7 -1.22858
-6 -1.85733
-6 -2.40323
2 -1.823
10 -0.265026
1 -0.0983281
2 0.178178
-7 -0.767723
2 -0.403007
-8 -1.4041
0 -1.21907
-10 -2.37617
2 -1.79951
10 -0.244633
10 1.10535
3 1.35501
3 1.57178
-6 0.574014
-7 -0.424047
0 -0.368169
-6 -1.1103
-7 -1.88641
2 -1.37428
2 -0.929638
-1 -0.93891
-9 -2.00116
-1 -1.86923
-1 -1.75469
7 -0.601043
-2 -0.78539
6 0.108752
-10 -1.22332
5 -0.403249
7 0.572311
5 1.15577
-4 0.476369
-5 -0.245277
4 0.314142
-4 -0.254352
5 0.438038
5 1.03919
6 1.6929
-4 0.942718
5 1.47736
-3 0.887362
7 1.69285
9 2.65575
-1 2.17401
6 2.67818
7 3.24769
6 3.61037
-3 2.73929
-5 1.71945
-1 1.3611
-3 0.786416
3 1.07811
-1 0.804268
-4 0.171188
-3 -0.246694
-3 -0.609509
6 0.261455
-4 -0.300096
-3 -0.655874
6 0.2212
-3 -0.203272
-7 -1.09891
6 -0.163452
6 0.648733
4 1.09034
-4 0.419567
5 1.02315
-4 0.361228
-4 -0.21347
-3 -0.580664
-3 -0.89947
-3 -1.17627
6 -0.230618
-3 -0.595552
6 0.273574
5 0.896396
-10 -0.539471
-3 -0.863706
-4 -1.27699
5 -0.449842
-3 -0.785888
-1 -0.814103
-4 -1.23392
5 -0.412451
-4 -0.885198
-5 -1.42742
6 -0.448679
7 0.532867
-6 -0.327998
-3 -0.6801
-5 -1.24935
5 -0.425847
5 0.289141
-10 -1.06671
-5 -1.58501
-2 -1.6397
-3 -1.81895
3 -1.18394
-5 -1.6868
-6 -2.25517
5 -1.29912
4 -0.600832
-5 -1.18053
5 -0.366094
3 0.0774715
-8 -0.986933
3 -0.461557
10 0.917009
-7 -0.126251
-8 -1.16381
10 0.307295
-8 -0.787394
-8 -1.73783
1 -1.37706
0 -1.19559
-8 -2.09224
-10 -3.13428
-9 -3.90723
-9 -4.57833
9 -2.78905
-9 -3.6075
-2 -3.39567
-6 -3.73885
10 -1.92842
-8 -2.7285
10 -1.05121
0 -0.912688
-8 -1.84662
3 -1.20795
3 -0.653454
-6 -1.35799
-5 -1.83792
-7 -2.51815
-7 -3.10874
-5 -3.35796
-6 -3.70611
-8 -4.27194
10 -2.39126
-8 -3.13035
9 -1.53188
-1 -1.46179
-9 -2.45513
0 -2.13161
-6 -2.64137
2 -2.02975
-9 -2.94825
10 -1.242
2 -0.81479
4 -0.180324
-6 -0.947209
-7 -1.74481
4 -0.987792
-5 -1.5165
-7 -2.23908
-5 -2.6029
-6 -3.05055
4 -2.12147
-5 -2.50079
-6 -2.96189
10 -1.25385
-7 -2.01104
-6 -2.53669
0 -2.20242
1 -1.78042
-4 -2.0729
-10 -3.11749
-10 -4.02443
-10 -4.81186
-10 -5.49552
-10 -6.0891
0 -5.28671
-8 -5.64425
-8 -5.95468
7 -4.24758
9 -2.50189
9 -0.986235
0 -0.856274
1 -0.611665
-8 -1.58526
9 -0.190392
7 0.757118
-10 -0.660395
-8 -1.62757
-3 -1.80842
-1 -1.70189
-9 -2.66359
-2 -2.57615
0 -2.23668
-1 -2.07372
9 -0.614483
-10 -1.85125
8 -0.553111
-1 -0.612
10 0.786391
9 1.86874
-9 0.436513
5 1.03786
-1 0.769326
-1 0.536174
-1 0.333745
-10 -1.02798
0 -0.892517
-9 -1.96088
7 -0.780062
-2 -0.940818
-1 -0.948617
-10 -2.14136
0 -1.85918
-10 -2.93193
7 -1.62316
-1 -1.54104
-1 -1.46975
7 -0.35365
-10 -1.62479
7 -0.488265
-9 -1.60989
0 -1.39775
0 -1.21356
0 -1.05365
-1 -1.04658
-9 -2.09464
8 -0.76442
1 -0.531915
8 0.592374
-1 0.382539
8 1.38633
-9 0.0176737
-3 -0.379979
-8 -1.3841
8 -0.147518
-1 -0.259853
9 0.960359
-3 0.438485
8 1.4349
0 1.24582
8 2.13585
6 2.64504
8 3.35069
-2 2.6456
-10 0.979237
-2 0.58665
7 1.43177
-5 0.584223
7 1.42966
8 2.29546
7 2.9154
8 3.58542
8 4.16715
9 4.804
8 5.22515
-9 3.35064
-2 2.64556
8 3.35114
0 2.90954
8 3.58034
-9 1.92257
9 2.85519
-1 2.34718
-10 0.720134
-10 -0.692506
-9 -1.78722
-9 -2.73768
-10 -3.69467
-9 -4.39378
-8 -4.86898
1 -4.0956
-10 -4.87365
-1 -4.3632
10 -2.4705
-7 -3.06737
10 -1.34543
2 -0.904584
2 -0.521834
-8 -1.50727
-9 -2.49462
10 -0.848145
-6 -1.52703
0 -1.3258
1 -1.01932
3 -0.489679
2 -0.161603
2 0.123241
-8 -0.947195
-6 -1.61303
10 -0.0827251
-7 -0.994245
-6 -1.65388
10 -0.118193
1 0.0291566
10 1.34306
-8 0.111883
-6 -0.693508
1 -0.470346
2 -0.144818
-5 -0.784607
3 -0.285892
-6 -1.03887
-7 -1.82439
-7 -2.5064
-7 -3.09855
-6 -3.48088
-7 -3.94461
10 -2.10707
2 -1.56586
-7 -2.28194
2 -1.71769
2 -1.2278
2 -0.802454
2 -0.433162
-7 -1.2985
-5 -1.78627
2 -1.28733
10 0.200049
3 0.569011
-5 -0.164842
-7 -1.06554
-6 -1.71578
3 -1.09436
-4 -1.47725
3 -0.887261
4 -0.243244
-6 -1.00184
-8 -1.92402
2 -1.40693
2 -0.957985
-7 -1.75417
-7 -2.44544
-10 -3.44093
-9 -4.17348
-2 -3.88707
10 -2.05711
0 -1.78603
9 -0.364709
-9 -1.50262
-10 -2.62236
-6 -3.06744
8 -1.60904
-10 -2.71475
8 -1.30282
-8 -2.18534
8 -0.843171
6 0.058584
-10 -1.26688
-2 -1.36349
4 -0.656716
9 0.615792
-4 0.00754873
-3 -0.388769
-2 -0.601088
-2 -0.785429
1 -0.550155
10 0.840086
7 1.65181
0 1.43414
10 2.5629
0 2.22518
1 2.06373
0 1.79178
-10 0.237927
-10 -1.11117
8 0.0894489
8 1.13186
7 1.90513
8 2.70828
-10 1.03365
-3 0.502119
-8 -0.618244
9 0.649195
9 1.74962
7 2.44148
-10 0.802015
9 1.8823
7 2.55668
7 3.1422
-1 2.59636
-10 0.936483
-2 0.54953
5 1.13599
9 2.17226
10 3.20376
-9 1.59562
1 1.51713
8 2.37141
-8 1.00472
-8 -0.181873
6 0.63274
1 0.681136
0 0.591379
-2 0.249902
-1 0.0851966
8 1.12817
3 1.37483
-9 0.00768844
-1 -0.125099
0 -0.108614
-8 -1.1485
-1 -1.12893
10 0.337579
-1 0.161321
-9 -1.04591
-1 -1.03986
-2 -1.16638
-1 -1.14446
-2 -1.25719
-5 -1.7504
5 -0.86087
-4 -1.27453
-5 -1.76545
-4 -2.05991
-2 -2.05201
-5 -2.44048
2 -1.85534
-4 -2.13795
4 -1.32913
-4 -1.68108
7 -0.537134
5 0.192519
-5 -0.491723
5 0.231946
4 0.728479
-5 -0.0263879
-5 -0.681783
7 0.33048
-4 -0.240167
5 0.450353
6 1.18166
-10 -0.291802
4 0.273748
-10 -1.08007
-4 -1.46484
7 -0.349392
-10 -1.6211
-6 -2.19812
6 -1.11782
5 -0.311647
5 0.388292
6 1.12777
-10 -0.338584
-3 -0.689291
-6 -1.38911
-9 -2.39203
-3 -2.47214
-2 -2.40993
-2 -2.35591
9 -0.85949
10 0.571513
10 1.81395
-2 1.31137
7 2.06098
8 2.84359
1 2.60066
-10 0.940211
-7 -0.106106
9 1.09385
8 2.0039
-9 0.553868
8 1.53508
10 2.65054
10 3.61901
0 3.14212
-10 1.41032
1 1.35625
7 2.09995
-1 1.69146
2 1.73212
10 2.82161
-1 2.31802
-9 0.826595
8 1.77187
-6 0.747733
0 0.649201
8 1.61785
1 1.53643
-7 0.411548
0 0.357317
-1 0.178457
0 0.154941
2 0.398073
-2 0.0820678
10 1.389
10 2.52371
-10 0.873403
-3 0.362988
-10 -1.00259
-1 -1.00225
-2 -1.13373
-2 -1.24788
9 0.10253
9 1.27499
8 2.16117
7 2.79881
10 3.74774
8 4.30808
0 3.74039
8 4.30169
-10 2.4171
-1 1.96681
-8 0.653439
1 0.699106
3 1.00231
10 2.18797
-6 1.10901
-7 0.0404463
-7 -0.887305
-8 -1.82458
-7 -2.50657
-7 -3.09869
9 -1.50439
10 0.0115972
7 0.93249
0 0.809612
-9 -0.483045
1 -0.287617
2 0.0138324
9 1.19798
6 1.83076
-10 0.271771
10 1.5537
8 2.40316
0 2.08649
-10 0.493795
-9 -0.757245
-1 -0.789234
-1 -0.817007
9 0.476624
8 1.46801
-1 1.14279
-1 0.860426
-10 -0.570701
7 0.426924
-2 0.107118
-9 -1.09297
8 0.105253
-10 -1.22636
7 -0.142337
-1 -0.255355
8 0.83249
-9 -0.463181
8 0.65205
-10 -0.751618
-3 -1.0479
-5 -1.56868
-10 -2.67972
2 -2.06305
4 -1.26409
-7 -2.01994
-6 -2.54441
3 -1.8138
-6 -2.36543
-6 -2.84438
-7 -3.39198
-7 -3.86743
-8 -4.41199
9 -2.64464
3 -1.90082
-7 -2.57276
2 -1.97019
10 -0.392821
-9 -1.52703
-8 -2.38
-6 -2.85702
-8 -3.53474
-5 -3.72782
-6 -4.02724
4 -2.96945
2 -2.3146
3 -1.61428
3 -1.00623
-7 -1.79606
-6 -2.35003
2 -1.77681
8 -0.488473
9 0.761865
-1 0.529696
8 1.51409
-10 -0.00317161
-3 -0.398077
5 0.313252
6 1.06262
4 1.44969
4 1.78576
-5 0.891568
-5 0.115209
-5 -0.558845
4 0.0418947
-6 -0.754273
4 -0.127781
-4 -0.638041
-4 -1.08106
7 -0.0161835
-4 -0.541149
-5 -1.12871
2 -0.716427
-5 -1.28089
-3 -1.50743
-6 -2.09943
4 -1.29568
-3 -1.52027
-4 -1.84703
-4 -2.13074
8 -0.795767
5 -0.0320333
4 0.499286
-4 -0.0936052
4 0.445827
-5 -0.271794
-4 -0.763076
3 -0.267199
-5 -0.890861
-6 -1.56412
-5 -2.01688
3 -1.35578
-3 -1.57245
-5 -2.02411
4 -1.23029
4 -0.541069
-5 -1.12864
-6 -1.77056
7 -0.614826
6 0.256839
-3 -0.172329
5 0.509252
-4 -0.0849526
5 0.585114
5 1.16688
4 1.54022
6 2.1279
-6 1.05685
-10 -0.400159
-5 -1.0063
4 -0.346598
-5 -0.959798
5 -0.174448
10 1.16628
2 1.27615
3 1.50331
-7 0.382788
4 0.859444
-4 0.219093
-4 -0.336875
-5 -0.951356
-8 -1.88019
-7 -2.55485
2 -1.95464
0 -1.69706
1 -1.34166
-9 -2.35083
10 -0.723309
1 -0.496221
-8 -1.48503
10 0.0284058
9 1.21063
0 1.0511
10 2.23034
-8 0.882241
-8 -0.288211
8 0.803963
8 1.75222
8 2.57552
-2 1.97258
-9 0.526673
10 1.77502
-10 0.22337
9 1.37991
-9 0.0120989
-1 -0.12127
7 0.817132
-1 0.57768
-2 0.238008
-1 0.0748699
8 1.1192
8 2.02591
7 2.68137
4 2.85513
-8 1.4247
-8 0.182768
-3 -0.236639
-3 -0.60078
-2 -0.785161
6 0.10895
5 0.753465
-3 0.258854
-4 -0.302354
-2 -0.52606
5 0.202133
7 1.09792
4 1.48034
6 2.07591
5 2.46123
-3 1.74158
-2 1.24854
-1 0.952238
7 1.74918
-2 1.25513
-10 -0.228006
-1 -0.329735
0 -0.286285
-1 -0.380334
0 -0.330216
9 0.899268
6 1.57141
-10 0.0465976
-10 -1.27729
-1 -1.24075
1 -0.945475
3 -0.425562
8 0.684712
6 1.38513
7 2.12503
-10 0.527259
-1 0.326005
-10 -1.0347
8 0.155844
-10 -1.18244
8 0.0275736
8 1.07814
-10 -0.38168
9 0.854586
7 1.66439
5 2.10394
5 2.48557
-2 1.89449
8 2.69904
-2 2.07982
-10 0.488011
-2 0.160155
-1 0.00727595
-3 -0.389006
-3 -0.733069
8 0.417727
6 1.15333
5 1.66022
-3 1.04612
-1 0.776496
8 1.72837
-10 0.18287
-1 0.0269979
8 1.07764
-10 -0.382114
6 0.458886
-10 -0.919328
7 0.124237
-2 -0.155683
-2 -0.398717
-4 -0.873274
-7 -1.68062
-10 -2.7769
-10 -3.72872
-1 -3.36915
-10 -4.24292
-4 -4.21091
-1 -3.7878
8 -2.23447
-10 -3.25776
-10 -4.14622
8 -2.54566
8 -1.15601
1 -0.871902
8 0.297188
-10 -1.05972
10 0.39767
-9 -0.840703
-2 -0.993469
8 0.191641
-10 -1.15136
-1 -1.13141
-10 -2.30007
-1 -2.12875
8 -0.794039
-2 -0.952954
-2 -1.09093
9 0.238799
-2 -0.056218
-1 -0.180584
-4 -0.683886
7 0.328654
-2 0.021797
-10 -1.29882
-10 -2.44541
-2 -2.38672
7 -1.14979
-10 -2.31602
-9 -3.1968
8 -1.72135
-10 -2.81226
-2 -2.70523
-10 -3.66649
8 -2.12915
6 -1.05793
-2 -1.18207
-4 -1.5534
-2 -1.61225
5 -0.740927
5 0.0155805
-3 -0.381796
-3 -0.726808
6 0.159613
-4 -0.388518
5 0.321551
-1 0.147405
5 0.786853
4 1.21026
5 1.70965
5 2.14324
5 2.51969
-4 1.66056
7 2.36416
7 2.97505
-2 2.31946
7 2.93624
8 3.60351
6 3.91931
7 4.32526
7 4.67773
-2 3.79777
6 4.08797
6 4.33993
-9 2.58206
-2 1.97827
7 2.64
7 3.21454
5 3.44982
6 3.78587
6 4.07763
-3 3.14498
-3 2.33523
-3 1.63218
-10 0.0993576
-2 -0.177284
8 0.900273
8 1.83584
8 2.64812
9 3.48513
1 3.15765
-1 2.60978
7 3.1883
-9 1.58219
9 2.55967
0 2.22237
9 3.11549
10 4.02269
1 3.62438
2 3.41033
-7 2.03851
-7 0.847467
2 0.999341
2 1.1312
2 1.24569
-7 0.159117
10 1.45589
-7 0.341623
3 0.691929
2 0.8643
-7 -0.172014
3 0.245976
3 0.608886
-7 -0.393771
-6 -1.13253
-7 -1.90571
-8 -2.70878
-7 -3.27426
-6 -3.63344
-6 -3.94529
-5 -4.08428
4 -3.01897
4 -2.09405
3 -1.42279
4 -0.708202
4 -0.087781
5 0.582659
-5 -0.152993
6 0.657814
-5 -0.0877413
5 0.582693
-4 -0.0211888
5 0.640476
4 1.08318
-5 0.281568
10 1.56221
-5 0.697478
5 1.26444
4 1.62492
-5 0.751922
4 1.17994
-4 0.497353
-5 -0.227058
2 0.0664113
-5 -0.601212
4 0.00510996
3 0.39976
-6 -0.443565
3 0.010209
0 0.00886369
10 1.32544
-7 0.22836
-9 -0.987702
3 -0.462225
-5 -1.06019
2 -0.656933
2 -0.306817
0 -0.266387
2 0.0322653
-2 -0.235535
10 1.11325
9 2.15252
7 2.79129
5 3.08234
4 3.20327
-3 2.38584
5 2.73032
4 2.89763
7 3.43822
-3 2.58982
-3 1.85323
-4 1.08192
6 1.73
6 2.29268
6 2.78121
-4 1.88762
6 2.42952
5 2.76825
6 3.19411
-10 1.45546
-3 0.868346
-2 0.490372
-3 0.0304297
5 0.685292
8 1.64918
5 2.09074
-10 0.497486
-2 0.168381
7 1.06861
-3 0.532474
-4 -0.06479
10 1.26149
9 2.28123
-10 0.662878
10 1.89327
-10 0.326042
-1 0.151304
-2 -0.132183
0 -0.114765
0 -0.0996417
-1 -0.218286
-7 -1.11194
-8 -2.01961
7 -0.831058
-2 -0.985095
6 -0.0646377
-3 -0.451443
7 0.530467
8 1.51476
-1 1.18338
-10 -0.290305
-1 -0.383824
8 0.72095
9 1.81192
7 2.49557
7 3.08914
7 3.60449
8 4.18371
-1 3.50063
-1 2.90756
-10 1.20667
-4 0.520567
7 1.37439
6 1.98393
-4 1.1954
-2 0.774327
-10 -0.645454
7 0.362022
8 1.36851
-3 0.792854
-10 -0.629369
-1 -0.678209
-3 -0.984161
6 -0.0638273
6 0.73523
8 1.69254
-2 1.20596
-6 0.256397
-10 -1.09513
6 -0.160176
6 0.651578
-10 -0.752028
7 0.269491
-10 -1.08377
-3 -1.33628
-3 -1.55551
6 -0.559889
0 -0.48611
-3 -0.817377
0 -0.709667
-2 -0.8797
-3 -1.1591
-2 -1.26991
8 -0.0483729
8 1.0122
-10 -0.438929
5 0.277783
-7 -0.681243
-4 -1.11857
3 -0.575848
-3 -0.895289
-4 -1.30441
6 -0.341876
-4 -0.823924
6 0.0752954
6 0.85602
5 1.40209
-4 0.690233
5 1.25815
7 2.01478
6 2.53993
-3 1.80991
6 2.36206
7 2.97322
0 2.58142
3 2.63658
3 2.68447
5 2.9896
5 3.25452
-9 1.63969
-3 1.02829
-10 -0.424954
-3 -0.764279
5 -0.00469453
7 0.918345
-3 0.402007
-10 -0.968712
8 0.213136
6 0.975697
-10 -0.47062
-2 -0.672153
7 0.338841
7 1.21661
-3 0.66097
5 1.23274
7 1.99272
-10 0.412386
7 1.28047
-3 0.716409
-3 0.226681
7 1.11923
5 1.63062
6 2.20639
7 2.83807
-3 2.06876
-10 0.478404
-2 0.151814
5 0.790681
-4 0.159391
-3 -0.256936
0 -0.223078
-2 -0.457231
-3 -0.792303
-2 -0.951447
5 -0.167198
9 1.0408
-3 0.50833
6 1.23199
-3 0.674323
-3 0.190141
8 1.21928
0 1.05861
8 1.97331
-10 0.395533
-10 -0.974333
8 0.208255
8 1.23501
1 1.20404
-2 0.781829
7 1.60123
-2 1.12668
-3 0.582885
-10 -0.811669
-2 -0.968261
-1 -0.972443
7 0.0781215
-2 -0.195722
-1 -0.301705
7 0.660473
8 1.62764
7 2.33558
7 2.95023
-10 1.24372
7 2.00225
-2 1.47486
8 2.3347
-4 1.49995
-9 0.116325
7 1.02342
7 1.81098
7 2.49476
-1 2.03424
7 2.6886
7 3.25673
8 3.88177
-10 2.05251
-2 1.51849
8 2.37259
7 2.98236
6 3.38001
6 3.72526
5 3.89324
5 4.03908
5 4.16571
-4 3.08967
5 3.34141
-4 2.374
-4 1.53407
6 2.12256
-5 1.18399
-3 0.632647
-5 -0.109592
3 0.300173
-6 -0.530029
-5 -1.11906
-4 -1.49869
4 -0.774105
4 -0.144999
5 0.53298
3 0.85807
-8 -0.309197
2 -0.00490394
2 0.259291
2 0.488672
-7 -0.498144
2 -0.168952
2 0.11686
-6 -0.689186
-5 -1.25724
9 0.0944016
5 0.740834
-7 -0.27921
10 1.07533
-7 0.0112054
3 0.405052
-7 -0.570745
-5 -1.15441
-6 -1.79293
4 -1.02957
4 -0.366803
10 0.999277
3 1.26292
-6 0.305854
-3 -0.129773
-5 -0.771545
4 -0.142777
3 0.271361
-5 -0.42327
10 0.950251
-9 -0.360938
0 -0.313376
-2 -0.53563
8 0.589148
6 1.30216
5 1.78944
-1 1.42186
6 2.02515
-5 1.09941
-6 0.16389
-7 -0.780128
-5 -1.3362
-5 -1.81899
-5 -2.23817
3 -1.54791
-6 -2.13458
5 -1.19443
-3 -1.43236
5 -0.584736
-4 -1.03478
6 -0.107776
7 0.828847
6 1.51027
-4 0.78416
-3 0.285504
-3 -0.147441
-5 -0.786885
6 0.107453
-3 -0.30203
4 0.264868
-3 -0.165358
-2 -0.407117
8 0.700726
6 1.39904
-2 0.951129
-2 0.562246
-1 0.356382
10 1.62716
5 2.07162
-2 1.53508
-3 0.937475
6 1.60459
6 2.18379
-4 1.36892
5 1.84741
4 2.13106
-3 1.45492
-3 0.867876
-2 0.489963
6 1.21605
6 1.84645
6 2.39378
-10 0.760597
-4 0.133271
-4 -0.411388
4 0.16992
4 0.674627
-6 -0.204919
4 0.349182
3 0.698492
-6 -0.184198
5 0.498947
2 0.696748
-6 -0.185713
-7 -1.08366
9 0.245107
-4 -0.314289
4 0.254224
-5 -0.438149
-6 -1.17106
3 -0.62142
2 -0.275984
2 0.023933
-8 -1.03342
-7 -1.81966
1 -1.4481
-8 -2.31147
0 -2.00688
1 -1.61065
-8 -2.4526
10 -0.811668
6 0.0859356
-1 -0.057163
2 0.213919
-2 -0.0778194
4 0.459533
8 1.45317
-10 -0.0560618
-10 -1.36642
-2 -1.44991
-9 -2.44482
7 -1.20023
-2 -1.30562
-2 -1.39712
-3 -1.60834
7 -0.473981
-2 -0.675072
3 -0.190791
-3 -0.560973
6 0.303596
5 0.922462
6 1.59155
-3 0.986502
-3 0.461183
-2 0.136862
6 0.909474
-10 -0.528116
6 0.332123
7 1.21078
0 1.05123
0 0.912704
6 1.58308
-10 0.0567255
-10 -1.26849
7 -0.178918
-4 -0.682439
-10 -1.91026
8 -0.604337
0 -0.524701
-1 -0.587333
0 -0.509937
9 0.743229
-8 -0.408905
-10 -1.67277
7 -0.529917
0 -0.460088
-7 -1.32188
1 -1.01592
1 -0.75027
10 0.666341
-9 -0.607436
1 -0.395617
3 0.0518387
-8 -1.00919
-9 -2.06217
10 -0.472687
-6 -1.20105
2 -0.779229
2 -0.412998
-9 -1.54455
-7 -2.26344
-7 -2.88759
5 -1.84821
4 -1.07757
10 0.382175
4 0.858912
-10 -0.572015
-5 -1.15551
-6 -1.79389
-4 -2.0846
6 -1.01926
-2 -1.14849
-10 -2.3149
-1 -2.14163
-10 -3.17716
-2 -3.02204
9 -1.43784
-10 -2.56612
-3 -2.62329
-10 -3.59535
-3 -3.5169
-2 -3.31701
-10 -4.19766
-3 -4.03984
-10 -4.82524
6 -3.39875
10 -1.63313
-9 -2.6039
-7 -3.18319
6 -1.97308
9 -0.52711
-7 -1.38007
-10 -2.51596
-2 -2.44797
6 -1.33474
-10 -2.4766
7 -1.22783
8 -0.0118351
6 0.780371
-1 0.545764
-10 -0.843899
-7 -1.65512
-10 -2.75476
7 -1.46933
-1 -1.40748
-9 -2.40798
9 -0.904703
-1 -0.917261
7 0.126032
6 0.900071
7 1.70389
7 2.40178
8 3.13948
-10 1.40803
-10 -0.0952544
-9 -1.26867
-10 -2.41924
-1 -2.23222
-9 -3.12404
7 -1.78995
9 -0.36811
4 0.207495
-1 0.0483783
-1 -0.0897712
-10 -1.39569
-9 -2.39774
0 -2.08178
5 -1.14858
-4 -1.52433
-2 -1.58701
6 -0.587234
6 0.280795
-4 -0.283304
7 0.676449
7 1.50973
7 2.23321
4 2.46603
-3 1.74574
5 2.17457
6 2.67867
7 3.24811
-9 1.63412
-2 1.15524
6 1.79365
7 2.47972
-2 1.8894
-1 1.50865
-10 -0.00789303
8 1.04734
8 1.96353
0 1.70478
-10 0.162391
0 0.140992
-2 -0.141136
-10 -1.44028
-8 -2.30469
-9 -3.18696
8 -1.7128
-9 -2.67307
-9 -3.5068
9 -1.85872
-9 -2.79976
9 -1.24485
3 -0.685488
-6 -1.38581
1 -1.07142
10 0.387513
-9 -0.849522
0 -0.737576
1 -0.508608
9 0.744384
1 0.778067
1 0.807312
2 0.964478
1 0.969159
-7 -0.0809726
2 0.193246
-6 -0.622865
1 -0.409013
10 0.962629
-10 -0.481966
-7 -1.34088
10 0.153562
-7 -0.789095
2 -0.421563
2 -0.102463
1 0.0428133
10 1.35492
1 1.30815
10 2.45351
10 3.44795
-8 1.9394
10 3.00158
2 2.8696
-10 1.17371
1 1.15082
9 2.18514
10 3.21494
-7 1.86887
10 2.94035
-8 1.49869
1 1.43298
-8 0.18995
9 1.35089
9 2.35885
10 3.36576
0 2.92224
2 2.80071
1 2.56342
1 2.3574
-8 0.992561
-8 -0.192429
-7 -1.08949
1 -0.814151
10 0.610878
9 1.71635
1 1.62195
-7 0.4858
0 0.421784
8 1.4204
-10 -0.0845178
0 -0.0733805
7 0.85871
0 0.745554
3 1.04263
-9 -0.28073
0 -0.243737
-2 -0.475167
10 0.905192
-10 -0.531834
-1 -0.593526
8 0.538881
-1 0.336096
8 1.346
10 2.48638
0 2.15874
0 1.87427
0 1.62729
0 1.41285
-10 -0.0910682
-2 -0.342617
-10 -1.61521
-1 -1.53414
6 -0.541336
7 0.45242
-2 0.129253
-3 -0.283102
-5 -0.904669
5 -0.126584
-5 -0.768776
3 -0.272148
-10 -1.55403
-2 -1.6128
-2 -1.66382
3 -1.04925
-6 -1.70163
3 -1.08208
-1 -1.07126
-5 -1.58897
-4 -1.90668
4 -1.12833
6 -0.188999
-5 -0.822966
-4 -1.24162
-5 -1.73688
-5 -2.16687
4 -1.35424
-5 -1.83466
4 -1.0658
-5 -1.58422
5 -0.716592
-4 -1.14926
-4 -1.52492
-3 -1.71929
-4 -2.01983
-5 -2.41254
5 -1.43576
6 -0.455916
-6 -1.18648
-4 -1.55723
5 -0.693158
5 0.0570549
5 0.708409
-4 0.0879608
-4 -0.450728
-3 -0.786657
5 -0.0241234
-4 -0.548042
-5 -1.1347
3 -0.589849
-4 -1.03922
5 -0.243405
-4 -0.738428
4 -0.114024
5 0.559873
-3 0.090773
-5 -0.580061
4 0.0234741
-3 -0.374943
-2 -0.589084
5 0.147415
-6 -0.662657
-5 -1.23421
-3 -1.46689
-4 -1.80069
6 -0.772761
-4 -1.19803
-4 -1.56726
-4 -1.88783
-4 -2.16616
-3 -2.27604
8 -0.92192
-3 -1.19576
6 -0.24754
-3 -0.610244
-3 -0.925153
-4 -1.33034
5 -0.496162
-4 -0.957879
6 -0.0410079
5 0.623268
3 0.936461
-4 0.285961
-3 -0.147045
6 0.662979
-3 0.180292
5 0.815406
-4 0.180859
-4 -0.370072
5 0.337567
6 1.08373
-3 0.545599
-3 0.0783799
-5 -0.590821
6 0.277681
-3 -0.154234
-10 -1.45165
5 -0.601491
6 0.268417
6 1.02369
6 1.67944
6 2.24878
-4 1.42535
-6 0.446881
-4 -0.139105
4 0.406324
4 0.879878
-5 0.105061
-4 -0.435882
-4 -0.905541
-4 -1.31331
6 -0.349604
-3 -0.698859
-2 -0.870316
-4 -1.28273
7 -0.191276
4 0.361027
6 1.1041
-3 0.563284
7 1.41148
-4 0.698384
7 1.52878
8 2.38152
9 3.25367
-8 1.77072
-8 0.483188
-10 -0.898228
-10 -2.09761
0 -1.8212
0 -1.58121
1 -1.24107
-8 -2.13173
-10 -3.16856
10 -1.43328
8 -0.190218
-10 -1.4829
1 -1.15571
10 0.314324
9 1.45887
6 2.05728
8 2.84038
7 3.38851
0 2.94199
2 2.81786
8 3.50073
1 3.1712
-10 1.43557
9 2.43237
9 3.29782
-10 1.5455
9 2.52782
10 3.51246
10 4.36735
-8 2.73765
7 3.29932
-8 1.81036
10 2.88954
-8 1.45458
-7 0.340482
2 0.559164
-8 -0.568715
10 0.823972
-9 -0.470577
2 -0.145018
-9 -1.31188
8 -0.0848108
-8 -1.12783
-2 -1.24276
-10 -2.39674
10 -0.763167
10 0.655144
8 1.62301
-1 1.27736
9 2.29501
7 2.91501
7 3.4533
6 3.78889
-2 3.02607
7 3.54973
8 4.13616
9 4.77709
-1 4.01582
-2 3.22309
-2 2.53482
8 3.25499
-1 2.69429
-3 1.94393
-1 1.55599
7 2.27337
-2 1.71025
-3 1.08956
7 1.86841
-9 0.436228
-1 0.24697
8 1.26862
8 2.15565
-2 1.60804
2 1.65969
9 2.62695
-1 2.14901
-1 1.73405
7 2.42797
-10 0.790282
0 0.686143
0 0.595727
0 0.517225
6 1.23972
-10 -0.241392
-2 -0.473132
-2 -0.674334
8 0.468722
-2 0.143407
6 0.915156
6 1.58521
6 2.16697
5 2.54029
6 2.99619
-3 2.20604
6 2.70599
-10 1.03167
-1 0.763944
-3 0.267952
7 1.15506
-10 -0.314888
-2 -0.536943
-3 -0.861511
7 0.174435
-10 -1.1663
-3 -1.40793
-4 -1.7495
-2 -1.78251
-2 -1.81117
-2 -1.83605
7 -0.671686
-1 -0.714949
-2 -0.884286
-2 -1.03131
6 -0.104762
6 0.69969
-3 0.212165
7 1.10663
-2 0.697254
6 1.39602
-4 0.684963
-4 0.0676045
-4 -0.468402
-4 -0.933776
6 -0.0200817
-2 -0.280984
-3 -0.639281
6 0.235607
5 0.863432
-4 0.222556
4 0.720326
-4 0.098308
4 0.612451
3 0.927069
4 1.332
9 2.34245
-5 1.3749
-4 0.666627
-5 -0.0800896
-4 -0.596634
-4 -1.04511
4 -0.380294
-5 -0.989053
4 -0.331623
5 0.370949
5 0.980939
5 1.51055
4 1.8386
-4 1.06922
4 1.45542
6 2.05428
5 2.44245
4 2.6477
5 2.95767
3 2.96325
4 3.09986
3 3.08671
-6 1.88931
-7 0.717925
-6 -0.167326
1 -0.013502
-7 -0.934144
9 0.374923
0 0.325517
9 1.46859
-1 1.1433
-10 -0.325107
-10 -1.60001
7 -0.466749
1 -0.273469
-1 -0.369207
1 -0.18878
2 0.0996449
-7 -0.835907
10 0.591989
-4 -0.013118
-6 -0.802036
-7 -1.61877
-7 -2.32788
3 -1.6258
-7 -2.33398
-4 -2.55352
3 -1.82171
2 -1.31811
-8 -2.19861
-5 -2.56776
2 -1.96585
-6 -2.49744
6 -1.3777
3 -0.800829
4 -0.168203
4 0.38106
-6 -0.459801
-6 -1.18986
3 -0.637741
5 0.105169
4 0.618408
4 1.06402
4 1.4509
-7 0.33729
7 1.21527
-4 0.528026
5 1.11732
8 2.02428
4 2.28463
-5 1.3247
4 1.67724
5 2.11509
-8 0.782182
5 1.33798
-6 0.371024
-7 -0.600289
-5 -1.18006
-6 -1.8152
-6 -2.36665
4 -1.52769
4 -0.799282
4 -0.166859
4 0.382226
-5 -0.327014
-5 -0.942794
5 -0.159685
-6 -0.92929
-6 -1.59748
3 -0.991649
3 -0.465652
-6 -1.19494
6 -0.246829
3 0.18102
-7 -0.765255
10 0.653331
-7 -0.355183
-8 -1.36257
3 -0.787698
4 -0.156802
-6 -0.926786
10 0.513085
3 0.840797
-6 -0.0606454
-5 -0.711526
-7 -1.54019
-7 -2.25965
-6 -2.75253
5 -1.73095
2 -1.2393
-5 -1.73487
-4 -2.03335
4 -1.23831
-7 -1.99756
10 -0.416584
-5 -1.02056
-5 -1.54495
-8 -2.39556
-6 -2.87053
9 -1.3063
-6 -1.92481
3 -1.27585
3 -0.712399
3 -0.223199
10 1.12396
6 1.7665
6 2.32436
-10 0.700327
-10 -0.709703
-10 -1.93393
8 -0.624889
9 0.643426
10 1.87638
0 1.62912
-6 0.6238
-8 -0.512597
-7 -1.36747
10 0.130472
10 1.43102
0 1.24245
-9 -0.107242
9 1.09286
0 0.948849
0 0.823815
10 2.033
0 1.7651
-9 0.346538
0 0.300873
0 0.261226
0 0.226803
0 0.196916
0 0.170968
8 1.20263
8 2.09835
4 2.34894
-1 1.90764
8 2.71045
-2 2.08974
-10 0.496618
-3 0.0358534
-2 -0.23242
-10 -1.51954
-1 -1.45108
7 -0.33744
-2 -0.556523
-3 -0.878511
-2 -1.02629
7 0.0313663
6 0.81788
8 1.7643
-10 0.214066
-10 -1.13189
5 -0.323861
8 0.773011
-2 0.407599
-2 0.0903389
7 1.00086
7 1.79139
7 2.47775
-2 1.8877
-10 0.321203
8 1.33307
-2 0.893859
-10 -0.541674
8 0.583901
-10 -0.810787
0 -0.703946
8 0.443012
-10 -0.933111
7 0.112271
7 1.0199
-7 -0.03692
-2 -0.295604
-1 -0.388425
-8 -1.39144
7 -0.285659
-10 -1.56576
-1 -1.49121
-10 -2.61245
8 -1.214
1 -0.922251
-10 -2.11847
0 -1.83931
3 -1.20161
0 -1.04327
9 0.280178
-9 -0.942713
1 -0.686713
9 0.589749
-2 0.248486
-8 -0.838454
-9 -1.91394
-3 -2.05705
-9 -2.97196
0 -2.58033
-1 -2.37208
0 -2.0595
9 -0.602141
0 -0.522795
-6 -1.24455
0 -1.08055
3 -0.542838
2 -0.207757
-1 -0.312154
-3 -0.666344
0 -0.578537
-1 -0.634075
-10 -1.86826
8 -0.567879
8 0.561148
-2 0.223654
-9 -0.991788
9 0.324875
-9 -0.903906
9 0.401176
0 0.348312
-9 -0.883557
-9 -1.9531
-1 -1.8275
0 -1.58669
9 -0.19163
9 1.01959
0 0.885236
9 1.95455
9 2.88296
0 2.50306
-9 0.987253
0 0.857158
-9 -0.441763
0 -0.38355
9 0.852962
-9 -0.445407
8 0.667482
-10 -0.73822
8 0.413255
8 1.41299
-1 1.09502
-10 -0.367018
-1 -0.450429
-10 -1.70882
-10 -2.80138
8 -1.37804
8 -0.142252
-1 -0.255281
8 0.832554
8 1.77704
-7 0.620451
8 1.59289
2 1.64653
-10 0.111818
8 1.15128
-1 0.867795
-1 0.621668
-1 0.407973
-2 0.0906639
7 1.00114
-10 -0.448531
-10 -1.70717
0 -1.48221
8 -0.232696
-4 -0.729131
-10 -1.95079
7 -0.771308
-2 -0.933219
-2 -1.07379
7 -0.00987331
7 0.913849
6 1.58407
-2 1.11178
1 1.09705
-2 0.688941
-2 0.334608
-2 0.0269659
-2 -0.240136
7 0.713929
-2 0.356302
5 0.968223
7 1.76306
-2 1.26718
-2 0.836651
-2 0.462853
7 1.32428
-2 0.886227
7 1.69187
6 2.25957
7 2.88424
7 3.42659
7 3.89747
-1 3.25211
-1 2.69179
9 3.52305
-1 2.92703
0 2.54132
0 2.20644
1 2.04746
-8 0.723463
9 1.8141
-7 0.652626
-2 0.303078
-9 -0.92283
-9 -1.9872
-7 -2.64775
10 -0.981104
10 0.465925
-7 -0.517893
2 -0.186099
3 0.233748
3 0.598269
-7 -0.402989
-9 -1.53586
-7 -2.25589
1 -1.82685
-8 -2.64031
9 -1.10642
-8 -2.01481
1 -1.61754
-8 -2.45858
10 -0.81686
-7 -1.63164
2 -1.15308
-6 -1.79178
2 -1.29212
-6 -1.9125
9 -0.474512
2 -0.148434
2 0.134675
-7 -0.805493
-8 -1.75355
2 -1.25892
3 -0.697707
2 -0.342218
3 0.0982011
3 0.480584
2 0.680804
3 0.986415
5 1.5153
4 1.84272
6 2.39055
-4 1.54843
-3 0.949067
6 1.61465
7 2.3243
6 2.80867
-4 1.91146
-3 1.26425
-3 0.702333
4 1.13688
6 1.77772
6 2.33411
-3 1.63121
-5 0.757383
6 1.44823
5 1.91626
-3 1.26842
6 1.89192
-2 1.37907
-2 0.933792
7 1.73316
-9 0.318806
-10 -1.04095
8 0.150417
7 1.05302
-1 0.782482
-10 -0.638374
-1 -0.686027
-2 -0.859175
-1 -0.877732
8 0.292126
-1 0.121857
-2 -0.157749
-4 -0.66406
5 0.0823185
3 0.466794
-3 0.00995944
-3 -0.386676
-4 -0.86282
6 0.0415243
7 0.958474
-2 0.568622
-10 -0.824052
-1 -0.847238
-9 -1.92156
8 -0.614155
5 0.125647
5 0.767963
5 1.32564
6 1.9416
7 2.60817
6 3.05512
5 3.31141
4 3.40215
6 3.74448
4 3.77815
6 4.07093
-3 3.13916
5 3.38437
6 3.72905
6 4.0283
6 4.28812
5 4.38193
-10 2.48676
-4 1.63197
7 2.33934
6 2.82172
-5 1.79102
-3 1.15968
-3 0.611543
6 1.3216
-3 0.752127
6 1.44366
-3 0.858101
6 1.53567
7 2.25573
-3 1.56316
7 2.2796
-10 0.661459
-2 0.310747
9 1.45577
8 2.31813
-10 0.694916
-10 -0.714401
-5 -1.27913
-3 -1.5059
-3 -1.70278
7 -0.555979
-2 -0.746264
8 0.40627
-10 -0.965011
7 0.0845744
8 1.12763
5 1.63791
7 2.34449
-10 0.717804
-4 0.0961176
5 0.742324
7 1.56693
7 2.28287
-9 0.796073
5 1.35004
7 2.09456
-4 1.29146
-4 0.594177
-3 0.120556
-3 -0.290654
6 0.538294
-10 -0.850384
5 -0.079453
-3 -0.464307
-3 -0.798446
-3 -1.08855
8 0.109085
-2 -0.168839
-3 -0.541914
-3 -0.865827
6 0.0389141
-3 -0.361537
7 0.608525
6 1.31898
-3 0.749852
-10 -0.666704
-3 -0.974173
-9 -2.03177
-2 -2.02759
-3 -2.15572
0 -1.87166
8 -0.570823
-2 -0.759152
-1 -0.79089
7 0.235751
8 1.25888
-2 0.829443
7 1.64257
6 2.21676
5 2.58352
10 3.56083
1 3.22337
-8 1.74442
-10 0.196805
8 1.22507
-2 0.800086
9 1.88062
4 2.1599
6 2.66593
-3 1.91931
-3 1.27107
6 1.89422
6 2.43526
-5 1.45548
-2 1.00014
7 1.79076
7 2.47721
-1 2.019
9 2.93892
1 2.68342
-10 1.01207
5 1.53758
-1 1.20319
-4 0.517541
7 1.37176
-1 1.05923
-1 0.787872
-6 -0.106596
4 0.434548
9 1.56326
-10 0.0395143
-9 -1.15166
-5 -1.65878
-5 -2.09906
2 -1.55891
-8 -2.40768
4 -1.56331
-8 -2.4115
10 -0.775985
4 -0.146632
6 0.663337
-5 -0.0829463
-8 -1.12621
-3 -1.37313
4 -0.665088
4 -0.0503485
-4 -0.570812
2 -0.232044
-4 -0.728565
2 -0.36901
-9 -1.50635
-5 -1.96673
-5 -2.36644
4 -1.5275
-6 -2.11686
-7 -2.76034
-6 -3.18724
2 -2.50369
-7 -3.09619
-6 -3.47884
-6 -3.81106
3 -2.91354
-7 -3.45203
-7 -3.91956
-6 -4.19371
-9 -4.82706
0 -4.19097
0 -3.63871
10 -1.84148
-2 -1.86237
-10 -2.9347
-10 -3.86573
9 -2.17035
10 -0.56661
10 0.8258
-10 -0.600764
-9 -1.70757
-1 -1.61433
9 -0.215632
-9 -1.37319
-9 -2.37821
-10 -3.38256
-9 -4.1228
-2 -3.84307
0 -3.33665
8 -1.84277
-1 -1.73171
9 -0.317548
-9 -1.46167
0 -1.26906
0 -1.10183
-9 -2.14261
-10 -3.17801
9 -1.57326
10 -0.048201
-10 -1.35959
-9 -2.3664
-1 -2.18635
-10 -3.21599
-10 -4.10995
-8 -4.62256
-2 -4.27697
1 -3.5816
10 -1.79189
0 -1.55577
-2 -1.61431
-8 -2.45578
-2 -2.39572
8 -1.02583
-10 -2.20839
-10 -3.23513
7 -1.8864
4 -1.11072
2 -0.700809
2 -0.344911
4 0.227637
-6 -0.593006
3 -0.11954
1 0.0279868
1 0.156073
1 0.267281
3 0.627384
-8 -0.509485
-7 -1.36477
-5 -1.8438
-4 -2.12793
10 -0.52978
-5 -1.11884
-7 -1.89383
3 -1.24895
10 0.233378
-6 -0.588022
2 -0.246987
3 0.180883
-5 -0.501825
-9 -1.62167
-4 -1.93507
4 -1.15298
-4 -1.52814
-6 -2.11742
4 -1.3113
4 -0.611407
7 0.391582
-9 -0.845989
2 -0.47096
9 0.777071
7 1.59709
6 2.17728
-3 1.49505
-4 0.770943
8 1.72355
-4 0.969331
6 1.63224
-3 1.02183
6 1.67783
4 1.98383
-5 1.06354
-5 0.264521
3 0.624987
-10 -0.775115
8 0.381221
-4 -0.196112
-10 -1.48801
-9 -2.4779
-3 -2.5467
8 -1.15692
7 -0.0820421
-2 -0.33478
7 0.631757
-3 0.153184
-3 -0.262325
-3 -0.623081
7 0.381447
-4 -0.195916
-3 -0.565423
-5 -1.14979
-4 -1.52537
6 -0.53372
5 0.195483
-9 -1.01625
3 -0.487008
5 0.236039
-5 -0.453937
6 0.396527
-4 -0.182823
-5 -0.817604
-4 -1.23696
-5 -1.73283
5 -0.845619
4 -0.20709
5 0.479071
3 0.811265
6 1.49501
6 2.08865
-5 1.15455
-4 0.47531
5 1.07155
-4 0.403248
4 0.877208
-4 0.234517
-5 -0.455259
-4 -0.922365
-5 -1.45969
-6 -2.05799
-4 -2.3139
6 -1.21834
-6 -1.84844
10 -0.287117
-3 -0.644606
-2 -0.823212
5 -0.0558615
4 0.478597
-3 0.0202072
5 0.676417
-5 -0.0715901
4 0.464942
-6 -0.386973
4 0.191118
-4 -0.361164
1 -0.181797
10 1.1599
-7 0.0846366
2 0.337033
2 0.556169
2 0.746429
-7 -0.274352
2 0.0253492
-8 -1.03219
0 -0.896171
1 -0.646304
1 -0.429363
9 0.813186
-9 -0.479941
-8 -1.47089
10 0.0406778
9 1.22129
10 2.3781
-1 1.93295
-9 0.492267
-10 -0.890346
10 0.544724
-10 -0.844802
-10 -2.05122
-9 -2.96689
-3 -2.97126
8 -1.52553
8 -0.270304
-1 -0.36646
8 0.736026
0 0.639037
-1 0.423054
8 1.4215
9 2.42015
8 3.15544
8 3.79383
0 3.2939
-2 2.5963
-7 1.33175
-1 1.02448
-10 -0.428262
-9 -1.5578
10 -0.0347752
9 1.15578
-3 0.608152
8 1.58221
0 1.37371
-9 0.00672355
9 1.19181
9 2.22073
10 3.24584
0 2.81812
1 2.57854
1 2.37053
2 2.3217
-10 0.698015
0 0.606034
0 0.526175
-9 -0.729132
10 0.684694
9 1.78044
10 2.86357
10 3.80397
-8 2.24851
10 3.26995
8 3.89325
10 4.69797
10 5.39664
-6 3.89485
1 3.51339
10 4.36816
1 3.92432
10 4.72494
9 5.28828
-1 4.45965
10 5.18972
-8 3.45166
1 3.12859
0 2.71632
-9 1.17241
10 2.33566
9 3.21385
7 3.71277
2 3.48707
1 3.15934
-9 1.55705
-9 0.165898
-1 0.012262
0 0.0106462
8 1.06344
0 0.923305
9 1.98761
9 2.91166
9 3.71395
0 3.22455
-7 1.87721
-1 1.49807
-1 1.16889
0 1.01486
9 2.0671
7 2.71713
9 3.54505
0 3.0779
0 2.67231
-1 2.1884
-2 1.63647
-10 0.103082
6 0.880145
7 1.68659
-9 0.278367
0 0.241685
8 1.26403
8 2.15166
-1 1.73635
-1 1.37577
-10 -0.123265
-1 -0.238796
9 0.978641
-9 -0.336289
6 0.498672
9 1.61893
7 2.32802
-8 0.967049
8 1.89381
-1 1.51248
0 1.31318
-1 1.00836
8 1.92968
7 2.59782
8 3.30969
-1 2.74178
9 3.56645
-10 1.77874
-2 1.2808
-10 -0.205722
-1 -0.310387
-9 -1.45546
7 -0.341243
4 0.230822
-3 -0.194918
-1 -0.301007
-2 -0.524891
-3 -0.851047
-10 -2.05665
7 -0.863211
-3 -1.14479
6 -0.203285
-10 -1.49424
-1 -1.42911
-4 -1.76789
-10 -2.85267
6 -1.68612
-3 -1.85925
-1 -1.74603
6 -0.725297
-2 -0.89327
-2 -1.03911
7 0.0202405
7 0.939995
-2 0.552578
-2 0.216214
-4 -0.339376
-4 -0.821752
7 0.208955
-10 -1.13632
7 -0.0641649
8 0.998486
7 1.78933
-4 1.02645
-9 -0.294783
-1 -0.387713
0 -0.336622
-2 -0.555813
2 -0.219022
-1 -0.321935
-8 -1.33371
6 -0.367312
8 0.735286
-10 -0.679351
1 -0.458055
1 -0.265921
-8 -1.28508
10 0.20201
9 1.36136
10 2.49971
2 2.43386
-8 1.05895
1 1.05118
-9 -0.27331
10 1.08045
-10 -0.37967
1 -0.197865
-10 -1.48954
-7 -2.21567
0 -1.92371
9 -0.48424
0 -0.420429
1 -0.233253
-8 -1.25671
9 0.0948607
-7 -0.840061
-7 -1.65178
3 -1.0388
3 -0.506587
4 0.0872663
4 0.602865
1 0.655197
-9 -0.617111
-5 -1.19466
3 -0.641915
10 0.760418
-5 0.00134199
4 0.528263
2 0.7222
-7 -0.295388
-7 -1.17889
2 -0.759989
2 -0.396293
1 -0.212297
-7 -1.10674
-7 -1.88332
10 -0.317405
2 -0.0120304
-7 -0.932866
-7 -1.73236
3 -1.10876
-7 -1.88507
-7 -2.55909
-6 -3.01251
-6 -3.40619
2 -2.69379
9 -1.15285
10 0.316814
1 0.40684
-8 -0.700967
-6 -1.39924
-3 -1.61018
4 -0.870904
-5 -1.41501
-4 -1.75565
4 -0.997201
-5 -1.52467
-6 -2.1144
-3 -2.2311
5 -1.27823
5 -0.450917
6 0.399149
6 1.1372
-3 0.592021
4 1.04111
-4 0.376817
5 0.986034
6 1.64675
-4 0.90265
-3 0.38838
-4 -0.189896
4 0.362225
6 1.10514
-10 -0.358234
9 0.874942
-2 0.496098
0 0.430725
-3 -0.0213568
-4 -0.54564
-2 -0.737288
-10 -1.95788
-10 -3.01762
4 -2.09288
-10 -3.13484
10 -1.404
-8 -2.27318
10 -0.655892
10 0.748282
1 0.781452
0 0.678477
9 1.77504
2 1.80468
7 2.48929
9 3.34724
0 2.90616
8 3.5774
-4 2.57889
-2 1.97551
-6 0.92454
-5 0.143837
7 1.0473
7 1.83172
-3 1.19502
-3 0.642224
6 1.34824
5 1.82945
-1 1.4566
-2 1.00111
6 1.65984
6 2.23176
6 2.72832
-1 2.23702
-5 1.28337
-4 0.587153
7 1.4322
-4 0.716377
-3 0.226653
-2 -0.066763
-3 -0.453289
6 0.39709
-2 0.0812147
-2 -0.193036
6 0.623048
7 1.46337
6 2.06118
-2 1.52602
-3 0.929606
8 1.8613
-2 1.35248
7 2.09668
-4 1.29329
8 2.17707
-10 0.57244
-9 -0.688963
7 0.324246
0 0.281519
6 1.03507
4 1.42577
-2 0.974342
-2 0.582399
8 1.55985
6 2.14495
-2 1.59875
7 2.3105
-2 1.74248
-1 1.38109
9 2.38507
-10 0.753035
-10 -0.66394
7 0.345971
-2 0.0368322
-2 -0.23157
-10 -1.5188
-9 -2.50463
-3 -2.56991
6 -1.44061
-3 -1.6461
-3 -1.82451
-1 -1.71586
7 -0.567333
-2 -0.756122
-1 -0.788259
-1 -0.816161
8 0.345584
9 1.48602
-2 1.02665
-1 0.759587
-10 -0.658252
8 0.482685
8 1.47327
-2 1.01559
-10 -0.435987
-10 -1.69628
8 -0.418558
0 -0.363402
-10 -1.63326
0 -1.41804
-10 -2.54892
9 -1.02707
-10 -2.20947
-10 -3.23606
9 -1.62366
9 -0.223736
10 1.12349
-8 -0.0787518
9 1.1176
-1 0.838551
8 1.78225
8 2.60159
-9 1.07279
-2 0.667879
-1 0.448095
-8 -0.665148
1 -0.445724
0 -0.386989
8 0.718202
-1 0.491787
0 0.426982
1 0.502491
0 0.436276
-1 0.247011
-8 -0.839734
1 -0.597304
2 -0.255046
