26
27
0
9
-9
12
-9
19
-8
17
-1
-1
27
17
16
24
-1
25
9
-1
-2
8
25
7
-2
5
26
-1
26
17
17
16
-2
-1
18
9
18
27
27
27
7
26
-2
17
17
8
18
-2
6
7
26
-2
9
-1
15
31
12
4
-4
5
12
22
14
-5
13
22
22
13
-4
3
-4
13
-5
-6
12
31
3
30
4
-5
31
12
-9
0
-8
10
-7
28
-9
27
29
1
-8
20
0
18
-8
1
-8
0
-8
18
27
-8
19
1
16
9
26
9
17
8
25
8
24
-4
-1
26
26
20
-2
7
-2
26
-9
27
1
27
17
26
26
17
18
-8
-2
7
6
7
8
11
-2
9
27
25
29
28
18
-7
-8
10
18
2
-8
11
31
21
4
21
30
12
21
20
20
7
28
2
18
18
27
-7
-5
19
27
-8
6
0
17
-3
25
6
16
17
-1
16
7
-4
7
16
25
24
24
24
-2
-2
-1
15
16
16
24
6
24
-4
6
24
-3
15
14
4
23
-4
31
5
-9
31
24
-3
17
14
24
7
-3
31
7
5
16
31
26
15
6
-5
-3
27
27
0
1
-9
27
9
27
9
1
10
10
-1
-8
10
16
0
18
29
-8
28
29
2
29
11
29
21
11
29
15
20
29
20
29
13
14
-5
4
5
-4
-3
25
25
31
24
23
-3
16
9
4
-9
-3
-1
-2
-1
24
26
-9
-9
29
-7
29
24
26
-5
8
9
31
6
6
5
21
-3
4
20
28
28
-1
-1
30
18
9
-8
0
29
-8
2
9
18
11
11
-7
2
18
-9
28
18
0
18
-8
-9
27
0
9
19
19
19
20
18
27
20
-9
27
9
27
0
27
-9
0
18
0
19
28
18
1
18
28
16
-2
25
-3
27
16
8
15
15
6
-2
24
24
-9
-3
5
15
14
-5
24
-4
22
14
22
31
6
13
31
-4
-6
3
3
-4
13
-7
27
-8
10
19
1
10
-8
20
-9
28
0
-8
8
-9
19
19
0
-7
-5
-9
9
0
27
27
-8
19
27
10
18
27
1
30
0
-9
26
0
16
27
-8
27
29
18
-1
0
9
-1
17
8
13
18
19
-9
-9
27
-8
1
9
0
0
-9
7
-7
-9
-9
28
12
-8
11
2
-7
30
12
-4
31
-5
0
-6
20
31
23
24
15
6
-4
-3
-3
16
-3
-9
19
-7
24
17
-4
-4
23
5
-5
26
4
22
-1
23
-6
5
-3
14
-9
-4
-4
5
24
-3
23
14
5
14
22
13
30
-5
31
-5
31
-7
15
-4
2
11
2
-7
-7
-1
16
4
8
31
25
29
2
20
-8
1
3
-7
18
28
29
-1
11
21
-7
30
20
20
-8
3
30
1
1
10
21
28
7
-9
-4
24
-3
16
6
6
6
-6
6
-1
25
6
6
-3
-3
6
4
-4
5
23
15
23
14
28
1
-7
20
29
-3
-3
6
24
-3
6
5
-4
31
-5
7
31
4
13
-5
-5
2
-6
-7
5
3
-6
30
-7
2
12
-5
27
-1
10
18
27
-7
19
10
10
18
18
28
20
26
18
1
-7
19
2
4
1
1
10
10
-8
-7
10
21
10
-8
-8
19
-8
-7
3
-8
1
28
19
-8
28
28
20
20
12
1
9
10
28
28
1
28
10
19
17
2
28
-7
29
29
28
28
29
28
8
26
26
10
31
19
-2
17
-5
15
21
23
-5
17
7
-3
-9
-4
4
22
14
16
18
31
24
-6
9
-6
30
24
3
3
21
12
9
-5
-7
-7
30
10
11
-6
11
20
-8
28
28
26
11
11
27
2
-8
19
1
29
3
20
-8
3
21
18
29
19
2
10
28
26
11
28
1
31
-8
18
-7
29
-7
19
28
-7
-6
18
12
3
-6
-5
21
31
13
-6
-6
30
-5
12
-6
21
22
3
2
23
12
31
4
22
-5
4
-5
3
3
5
31
-1
8
-7
18
26
28
-2
25
17
-9
24
10
-9
8
-9
-9
6
12
31
21
-4
-6
-1
14
6
5
-6
2
24
-9
25
8
11
28
-1
-2
16
25
8
30
12
27
26
15
24
26
15
4
12
5
-4
25
21
-1
-9
-9
-3
-1
24
-1
17
30
-4
16
31
-5
15
-8
-4
31
13
-8
1
27
8
6
12
10
28
1
19
25
2
-7
8
9
21
11
10
20
18
18
-8
1
1
10
11
10
11
17
-8
28
-8
18
27
10
28
19
10
-9
19
27
29
27
10
18
1
10
10
28
-8
1
18
0
27
-8
9
2
0
2
18
28
1
12
27
9
26
0
29
20
28
18
-9
17
2
-8
11
28
21
-9
10
2
27
10
30
11
-7
-8
21
28
21
10
9
21
3
4
4
4
23
-6
31
4
-5
31
-2
22
-5
4
-6
14
12
30
-7
6
-4
13
12
20
22
-4
21
4
-3
15
25
16
-3
8
9
31
7
25
-2
7
8
0
5
15
-3
16
-3
18
10
25
18
19
-7
1
-7
9
20
2
-8
15
13
-6
11
10
-1
26
23
5
-5
14
15
5
15
7
6
-4
5
15
16
5
-1
17
13
-3
6
16
17
-2
-2
-5
14
26
25
26
-3
-3
7
-1
16
24
15
15
24
24
8
6
-6
31
31
-3
7
-4
24
31
22
14
22
-7
20
-9
11
20
11
29
17
8
11
2
11
26
-8
20
30
-8
18
9
26
11
-9
18
11
26
0
0
17
26
-1
9
-1
26
-1
26
1
9
8
25
20
19
19
26
17
8
17
-9
8
26
-1
-3
-1
-9
26
7
24
18
-9
-9
-7
30
0
9
28
28
0
28
31
30
28
10
10
19
10
-8
18
28
21
11
-8
2
2
11
29
11
-7
28
20
29
2
-7
22
10
-5
18
9
20
29
11
2
28
1
19
-8
19
-8
1
10
20
29
2
20
-7
1
29
30
3
21
20
-6
11
10
10
-9
-6
3
28
28
20
-7
10
18
9
31
14
11
22
2
2
19
3
20
31
-4
13
5
19
20
-8
27
24
23
22
5
23
16
14
6
-2
14
15
-4
5
5
14
16
23
5
-5
13
12
14
29
30
14
22
-6
-4
24
23
31
15
24
-4
-9
7
-9
8
-9
16
-1
18
-9
-9
26
-8
0
0
18
25
9
28
-6
10
10
11
28
-8
1
10
19
20
29
27
21
-7
29
2
-7
-5
-7
11
-7
3
12
-6
19
10
17
9
0
18
18
-9
2
10
-7
26
10
27
-9
-7
24
16
17
8
16
27
28
29
20
-6
1
30
-5
29
-9
15
7
-3
6
14
24
15
16
7
6
5
-7
-4
-9
8
18
18
-8
1
26
-9
16
15
-8
-7
5
23
19
-1
8
9
-9
-1
27
2
6
-9
-1
26
15
0
-2
16
7
25
24
-2
25
22
7
16
23
23
-3
2
29
5
17
16
7
6
-3
5
15
15
22
-3
24
14
6
24
-3
15
-3
5
3
24
24
22
25
-4
26
6
-3
16
-3
31
25
-3
7
26
24
16
0
6
30
-1
14
17
7
16
-2
28
-9
17
24
7
-4
6
6
-3
6
-3
25
-2
-2
-2
3
15
-3
5
29
26
24
15
-2
6
31
14
6
5
26
20
