21
20
28
-7
11
28
1
2
2
19
9
9
19
18
28
3
14
14
15
17
-1
-9
27
18
-8
10
-3
26
8
11
7
-1
0
27
19
0
21
28
18
-8
-9
19
9
8
27
28
-9
20
-8
1
1
27
9
30
1
22
30
2
13
31
4
-6
22
0
4
-5
31
31
3
22
15
24
24
-5
26
-2
26
25
7
17
6
7
14
4
4
24
29
30
-3
5
-3
5
14
-1
14
4
6
24
14
5
15
14
-3
16
5
24
6
-4
-4
5
23
23
24
23
31
14
4
-4
22
15
6
23
5
6
14
5
14
-3
5
5
24
24
4
15
-1
15
26
6
-1
-1
24
15
-4
31
23
23
23
4
4
2
-4
31
14
22
-5
21
24
3
20
-6
29
2
19
1
10
-6
4
31
-7
-5
12
3
-8
21
12
30
11
11
29
11
-4
-4
24
25
-3
25
6
7
0
-1
7
17
7
-2
15
8
8
24
7
16
17
8
26
9
-2
-1
-2
15
24
16
16
6
16
6
-3
24
15
25
-3
24
6
14
14
-2
-3
6
14
-3
15
-2
17
-1
24
25
-2
7
-2
31
14
-1
-3
6
25
7
14
6
30
6
15
7
31
16
-2
-3
-3
15
14
14
5
5
5
22
-4
-3
-4
4
-4
-4
12
-4
13
-5
12
-8
-4
23
13
-5
31
5
5
31
14
30
12
20
14
21
3
5
31
30
21
4
22
31
-5
31
13
4
13
-4
-4
23
5
-4
23
14
-4
-3
-5
-4
31
-5
10
-9
9
8
-2
27
28
-8
9
-9
9
27
9
-9
0
-9
-9
-1
-9
27
18
18
-5
27
18
26
0
18
18
-9
8
26
-8
9
19
28
-8
28
-8
10
-7
1
-7
21
-5
25
16
19
-1
25
-1
6
-1
8
8
9
-2
8
17
29
29
2
-6
12
-6
10
3
19
-8
-7
1
-7
26
18
-2
22
21
24
17
-9
-8
-9
-8
-8
9
18
27
7
9
-1
-8
20
0
10
19
-5
28
20
-6
2
21
2
11
27
19
-8
-6
10
21
-8
1
28
31
29
-6
29
31
17
-4
22
3
-4
-5
3
22
5
-4
15
7
15
7
-1
26
-2
-2
7
15
24
24
4
-3
14
-3
-9
24
29
12
4
31
25
-5
-3
-6
31
4
-5
3
22
5
-4
-1
24
24
23
23
7
7
6
15
14
23
15
15
24
22
15
13
5
13
24
13
23
25
23
-3
23
-3
31
15
5
5
-4
23
-4
17
-4
-3
-2
-2
8
-2
24
-4
24
-2
31
13
4
16
3
5
-4
8
-4
31
-5
4
31
-5
21
21
-6
-6
-6
21
11
30
13
30
3
-5
22
31
-7
20
-5
11
1
-9
13
30
12
30
29
21
-7
2
-7
-7
2
10
2
19
10
-9
26
10
1
27
27
30
27
27
27
7
9
19
18
19
18
28
28
29
28
3
12
22
12
11
11
3
10
21
1
2
-7
10
29
-7
2
29
18
29
-7
2
4
22
29
-6
13
21
3
22
13
4
23
24
-3
14
14
14
23
31
23
-3
23
24
15
18
13
5
7
13
24
5
23
15
9
-4
12
13
15
-4
-4
21
5
12
3
12
21
12
30
30
12
12
3
3
21
31
31
31
31
4
22
4
29
13
31
22
4
-5
4
-4
14
23
-4
-3
14
14
23
-4
5
-4
-4
8
6
24
6
13
24
26
8
-4
31
-4
23
14
23
5
15
25
7
-3
16
-4
31
13
23
4
-5
4
22
11
3
12
11
30
29
20
3
30
12
2
12
2
-6
-9
31
-9
-9
15
-3
26
-2
25
-2
25
6
16
7
-1
16
8
17
27
16
15
16
24
-3
25
8
16
-2
-1
26
24
15
7
16
29
26
7
-2
15
25
7
24
25
25
6
7
14
-2
-3
6
5
-4
-3
14
-4
23
24
18
7
7
25
28
7
6
17
7
23
-2
15
23
6
15
14
-3
23
4
23
22
4
22
23
5
13
-5
-5
-9
2
-6
-9
11
-9
-9
30
12
22
22
13
-5
13
5
21
11
14
4
11
2
-4
-8
31
4
21
2
-6
-7
29
-7
11
12
27
22
12
-3
14
5
22
24
13
14
23
31
-4
14
5
23
14
5
-4
31
13
5
-4
14
-9
20
27
10
-8
0
-3
19
1
26
28
19
-8
-8
11
19
30
30
29
-8
1
3
0
10
27
8
10
10
-9
2
12
13
25
16
10
16
0
9
17
25
26
7
17
-1
26
1
27
27
1
20
-8
28
20
18
20
9
26
27
1
-9
-9
-9
0
19
-8
9
10
21
-6
11
3
12
-6
30
12
22
22
31
23
4
-4
4
14
22
23
15
-4
24
-3
24
-3
15
14
23
-5
16
23
24
30
13
-2
3
-1
31
6
-4
-4
20
22
21
12
12
-6
4
13
-4
31
22
30
4
30
30
13
-4
-5
22
13
-5
22
5
-5
30
3
-5
5
22
-5
23
-3
-4
31
11
31
4
-4
5
23
-3
6
25
15
-3
-3
-2
16
5
5
24
31
23
23
15
6
-3
-4
25
23
-7
-5
-5
13
-5
3
12
12
19
-7
3
1
13
31
13
-5
22
20
-6
13
3
3
-8
12
20
10
11
-8
19
20
26
7
-1
26
16
16
7
16
-3
15
24
26
15
6
6
14
23
24
-3
-4
5
-3
24
-1
6
24
6
5
23
5
25
6
6
-3
-2
15
24
24
25
17
6
23
-2
15
23
25
12
5
15
26
-5
6
23
-4
-9
6
25
13
16
12
6
24
15
4
-4
14
-4
31
-4
5
23
14
-4
31
13
4
31
-5
13
-4
4
24
30
5
21
4
13
24
-3
21
5
13
21
22
-5
31
21
31
-4
30
-5
5
3
-5
-7
1
27
29
10
1
9
28
-8
-7
-9
-9
-9
1
10
8
9
18
8
1
11
30
19
29
2
-7
2
2
29
-7
-9
29
-6
9
28
16
23
15
-1
0
19
9
30
10
0
9
26
25
-2
16
7
17
18
28
-9
9
28
27
27
0
9
9
9
-3
26
9
-9
19
10
-8
18
-9
29
19
1
20
22
-7
-7
1
3
30
22
13
4
22
-5
31
-4
14
4
-4
-3
-3
5
15
6
23
-4
-2
23
24
24
-3
13
31
12
-6
4
-4
14
31
22
22
22
21
14
22
31
13
-4
23
14
-5
15
14
31
13
5
31
-5
31
31
14
22
-5
22
20
31
5
5
31
23
31
-5
-4
-4
-3
-4
15
14
14
15
7
13
7
24
24
-3
27
-2
6
6
-9
7
8
24
-2
-3
24
7
6
-2
-3
16
4
23
-3
21
12
11
-6
11
3
30
30
3
12
13
31
6
13
14
12
29
16
-3
1
26
-1
17
7
17
7
-3
7
15
16
17
7
16
7
-2
-1
15
-2
-2
25
6
16
-2
-1
8
-2
-3
23
15
15
6
-2
26
22
25
24
15
25
7
25
-2
-2
18
17
16
6
-3
7
-1
6
25
-2
15
9
7
7
16
-2
-4
-3
-2
24
14
-1
-2
25
25
-4
-3
-3
6
15
14
5
23
-4
4
-4
14
13
5
-5
-3
-6
3
31
29
30
21
21
4
22
23
14
-5
23
21
31
-4
5
13
31
31
23
-5
31
5
13
31
31
4
22
22
14
14
14
22
6
-3
23
13
8
13
-9
-9
-9
-9
28
10
-9
29
10
19
28
19
2
10
0
2
18
-8
27
27
28
1
10
19
9
-8
19
18
1
0
-9
-9
10
9
1
27
-9
10
1
30
26
1
2
27
-8
20
20
11
-8
29
15
25
19
-8
29
29
-7
12
-7
19
29
20
8
19
19
27
29
5
-5
6
24
24
19
8
8
-9
-9
27
-2
8
17
24
7
-2
26
0
-3
-1
29
10
26
0
0
9
-9
10
0
18
9
28
28
10
28
0
-9
-8
10
3
11
-9
11
3
21
21
22
-5
21
12
21
4
14
23
24
5
-1
5
14
-3
24
-2
6
24
5
-4
5
6
31
-4
26
19
-6
4
5
1
-9
21
4
12
-6
12
13
31
12
13
31
12
31
13
4
4
-5
4
4
22
31
-5
30
21
4
3
-6
-6
22
24
26
-4
-4
-4
5
31
14
5
5
23
5
7
24
-1
-4
24
15
24
6
4
23
23
14
6
15
24
-2
-3
15
23
14
21
-4
31
23
-5
21
30
11
2
29
22
-6
4
-9
17
27
29
-9
-1
-4
16
24
26
27
15
25
7
-3
24
-1
25
17
16
-4
-3
6
15
25
16
24
6
15
23
24
16
15
7
-3
24
5
6
-4
5
6
26
24
-3
16
24
-3
25
6
25
