15 15
5 14.65
6 14.225
6 13.7172
15 13.8104
1 12.7595
14 12.8709
16 13.1721
10 12.8503
13 12.8661
19 13.5346
5 12.5819
14 12.7432
12 12.6574
14 12.814
13 12.8359
5 11.9083
15 12.2761
5 11.4071
1 10.1603
13 10.5013
13 10.8019
17 11.5485
7 11
16 11.6035
16 12.1344
21 13.2057
5 12.2138
5 11.3416
13 11.5421
4 10.6298
13 10.9166
13 11.1686
5 10.4222
14 10.8552
14 11.2357
5 10.4811
5 9.81776
5 9.23468
21 10.6586
16 11.3051
14 11.6312
18 12.4021
6 11.6272
15 12.0354
13 12.1522
5 11.2865
7 10.7677
14 11.1589
5 10.4135
7 10.0003
5 9.39512
14 9.95247
5 9.35305
9 9.31032
14 9.87793
6 9.40857
12 9.72222
12 9.99791
5 9.39299
14 9.9506
5 9.3514
15 10.0351
4 9.30463
4 8.66258
5 8.21928
14 8.91895
14 9.53393
4 8.86414
5 8.39644
14 9.07467
5 8.58149
15 9.35835
6 8.95188
15 9.68391
15 10.3273
5 9.68255
6 9.23683
14 9.81334
5 9.23076
6 8.83972
15 9.58533
15 10.2407
14 10.6957
16 11.3377
15 11.781
16 12.2916
14 12.4984
15 12.8012
14 12.9463
5 11.9845
14 12.2284
5 11.3536
5 10.5846
16 11.24
5 10.4848
14 10.9102
14 11.2842
6 10.6446
20 11.7769
5 10.9567
17 11.6881
16 12.21
6 11.4584
15 11.8871
5 11.0535
5 10.3208
14 10.7661
14 11.1575
7 10.6543
6 10.091
7 9.71687
6 9.267
3 8.50847
15 9.29417
7 9.0165
8 8.89347
8 8.78533
7 8.56924
7 8.37931
16 9.30168
7 9.02309
18 10.1096
15 10.7015
16 11.3428
15 11.7855
7 11.2063
7 10.6972
6 10.1286
9 9.99203
16 10.7192
7 10.2691
17 11.0837
8 10.7105
17 11.4717
1 10.2043
18 11.1478
10 11.0089
18 11.8551
19 12.7199
15 12.9958
20 13.8436
10 13.3784
21 14.3009
11 13.9013
17 14.2764
16 14.485
8 13.7001
18 14.2205
6 13.2256
6 12.351
6 11.5823
7 11.0277
7 10.5402
10 10.4748
8 10.1753
7 9.79097
18 10.7845
7 10.3265
17 11.1342
15 11.6021
6 10.9241
7 10.4491
7 10.0316
16 10.754
6 10.1786
15 10.7622
8 10.4279
16 11.1023
18 11.9371
19 12.792
4 11.7279
18 12.487
7 11.8229
17 12.4495
8 11.911
17 12.5269
18 13.1893
16 13.5295
7 12.7392
16 13.1339
8 12.5125
19 13.2977
16 13.6248
7 12.823
16 13.2075
8 12.5772
6 11.7811
17 12.4128
7 11.7577
7 11.1818
16 11.765
8 11.3093
6 10.6667
17 11.4332
21 12.5911
17 13.1248
9 12.6255
8 12.0657
7 11.4526
17 12.124
18 12.8352
8 12.25
17 12.8249
16 13.2092
17 13.668
8 12.982
16 13.3473
7 12.579
8 12.0248
18 12.748
16 13.1416
15 13.3665
6 12.4749
16 12.9016
12 12.7925
9 12.3334
7 11.6879
8 11.2415
18 12.0596
18 12.7786
8 12.2002
9 11.8129
9 11.4724
9 11.1732
18 11.9994
18 12.7257
1 11.3065
9 11.0273
18 11.8713
2 10.6765
17 11.4419
1 10.178
9 10.0355
9 9.91013
18 10.8893
17 11.6289
7 11.0686
7 10.5762
16 11.2327
8 10.8414
7 10.3765
14 10.815
18 11.6847
7 11.1177
7 10.6193
18 11.5126
17 12.1768
8 11.6712
8 11.2269
18 12.0467
9 11.6779
2 10.5065
15 11.0504
9 10.8022
18 11.6734
1 10.3816
9 10.2143
17 11.0356
6 10.4262
6 9.89044
17 10.7509
5 10.0549
14 10.5324
6 9.9838
16 10.712
16 11.352
8 10.9463
15 11.4369
1 10.1737
21 11.4841
9 11.1834
8 10.7981
17 11.5487
18 12.3296
2 11.0793
12 11.1908
19 12.136
1 10.7881
20 11.9031
1 10.5834
2 9.54453
20 10.81
18 11.6802
1 10.3876
2 9.37238
20 10.6587
1 9.48965
4 8.82521
20 10.1778
1 9.06692
1 8.09055
2 7.35338
21 9.00509
3 8.27827
19 9.57597
19 10.7166
1 9.54056
11 9.7172
3 8.90419
1 7.94751
18 9.16421
11 9.3864
19 10.55
12 10.7255
2 9.6694
9 9.58838
8 9.39613
1 8.3799
16 9.3022
15 9.99183
15 10.598
1 9.4363
1 8.41522
9 8.486
12 8.91131
8 8.80101
1 7.85682
17 8.96346
18 10.0572
8 9.8082
21 11.1628
7 10.659
17 11.4264
5 10.6486
16 11.2963
18 12.1077
19 12.9419
7 12.2227
6 11.4696
16 12.0179
7 11.4106
6 10.7557
21 11.9956
21 13.0855
14 13.1961
21 14.1407
7 13.2764
10 12.8799
20 13.7416
4 12.5626
20 13.4628
20 14.254
12 13.9812
20 14.7097
12 14.3817
3 13.0041
3 11.7933
2 10.6079
13 10.8975
21 12.1202
2 10.8953
12 11.029
18 11.8728
12 11.8882
3 10.8124
1 9.62474
2 8.70188
19 9.94831
1 8.86526
9 8.88157
1 7.92762
20 9.3888
1 8.37346
12 8.8124
3 8.1089
20 9.54813
10 9.60283
19 10.7402
11 10.7717
19 11.7676
1 10.4643
21 11.7395
2 10.5607
11 10.6139
2 9.57128
11 9.74421
20 10.9855
13 11.2293
8 10.8385
11 10.858
20 11.9645
2 10.7585
2 9.69839
21 11.0663
20 12.1476
2 10.9194
11 10.9291
10 10.8167
10 10.7178
20 11.8413
10 11.6184
16 12.1487
19 12.978
10 12.6175
18 13.269
1 11.784
10 11.5681
19 12.4676
10 12.169
10 11.9064
10 11.6757
11 11.5939
19 12.4903
10 12.1889
10 11.924
10 11.6911
1 10.3971
21 11.6804
1 10.3877
10 10.3408
17 11.1468
9 10.8869
18 11.7479
18 12.5046
18 13.1697
10 12.7861
9 12.3278
1 10.9568
19 11.9303
19 12.786
19 13.5381
2 12.1416
19 12.9717
8 12.3699
10 12.0831
1 10.7417
18 11.6202
1 10.3348
1 9.20492
18 10.2694
19 11.3261
19 12.2549
19 13.0713
7 12.3365
18 13.022
17 13.5034
10 13.0794
21 14.0381
10 13.5493
10 13.1197
18 13.7104
19 14.3506
18 14.7923
8 13.9702
8 13.2476
17 13.7018
6 12.7696
16 13.1606
18 13.7463
7 12.9298
17 13.4224
5 12.403
11 12.2332
6 11.4788
8 11.0577
8 10.6876
15 11.2096
8 10.8211
21 12.0531
6 11.3205
5 10.5555
15 11.0934
14 11.4452
5 10.6651
4 9.85841
4 9.14934
14 9.73644
5 9.16316
21 10.5958
7 10.1606
16 10.8674
7 10.3993
18 11.3192
16 11.8858
8 11.4155
7 10.881
8 10.5323
10 10.4679
1 9.32196
1 8.31471
8 8.27662
5 7.88003
6 7.65248
7 7.57351
14 8.35134
14 9.03502
16 9.87803
15 10.498
6 9.95356
15 10.5644
15 11.1012
17 11.8152
5 10.9903
7 10.5073
14 10.9301
6 10.3334
5 9.68784
15 10.3308
5 9.68558
3 8.8764
15 9.61756
21 10.9952
14 11.3589
5 10.5893
13 10.881
4 10.0482
1 8.95306
14 9.56391
1 8.52738
1 7.61631
8 7.66275
18 8.91391
10 9.04537
18 10.1292
20 11.3239
9 11.0426
1 9.82712
9 9.72701
19 10.8494
17 11.5938
17 12.2481
14 12.4602
1 11.0731
1 9.8539
10 9.87159
1 8.79782
18 9.9116
18 10.8906
17 11.63
17 12.28
9 11.883
1 10.5658
6 10.0132
6 9.52742
17 10.4319
8 10.1375
18 11.0892
18 11.9256
18 12.6608
18 13.307
18 13.8751
15 14.0112
17 14.373
11 13.9647
17 14.3321
17 14.655
8 13.8495
18 14.3519
9 13.7041
9 13.1347
18 13.7236
19 14.3622
9 13.7132
10 13.2638
17 13.716
17 14.1135
6 13.1315
11 12.8735
1 11.4364
1 10.1732
8 9.91018
19 11.0104
10 10.8881
12 11.0227
1 9.80957
1 8.7433
1 7.80609
1 6.98232
1 6.25825
1 5.62182
1 5.06242
1 4.57072
16 5.95406
17 7.29101
17 8.46613
7 8.28868
17 9.34305
15 10.0277
5 9.41921
15 10.0947
17 10.9305
21 12.1492
6 11.405
1 10.1456
1 9.03866
1 8.0657
6 7.81568
15 8.68523
5 8.23919
1 7.363
8 7.4401
17 8.59718
7 8.40386
18 9.56533
16 10.3441
7 9.93939
15 10.5519
7 10.122
1 9.01792
9 9.01575
16 9.86109
16 10.6041
7 10.1679
16 10.8738
16 11.4942
16 12.0396
16 12.5189
7 11.8509
8 11.3848
5 10.6121
20 11.7483
17 12.384
7 11.7323
9 11.4016
14 11.7161
20 12.7187
6 11.9055
5 11.0697
5 10.3351
14 10.7787
7 10.3213
7 9.91932
15 10.5343
13 10.8327
13 11.095
4 10.2363
5 9.6025
6 9.16648
5 8.66219
15 9.42928
1 8.40905
6 8.11747
5 7.74015
14 8.49781
5 8.07445
13 8.67061
3 7.98427
4 7.50204
6 7.32024
5 7.03941
15 8.00292
5 7.63946
14 8.40931
5 7.99666
14 8.72327
14 9.36194
5 8.83399
6 8.49098
15 9.2788
5 8.76092
5 8.30571
14 8.99492
1 8.02726
4 7.53982
6 7.35345
14 8.15791
15 8.98604
17 9.95601
16 10.6875
15 11.2095
16 11.7893
19 12.6621
16 13.0661
9 12.5739
17 13.1096
7 12.3702
16 12.8095
7 12.1063
19 12.9407
11 12.7058
11 12.4994
11 12.3179
21 13.3687
20 14.1713
21 14.9978
11 14.514
21 15.299
19 15.747
1 13.9621
9 13.3615
14 13.4388
5 12.4174
6 11.6407
17 12.2893
14 12.4964
13 12.5573
15 12.853
15 13.1128
8 12.494
1 11.1028
21 12.3007
5 11.4171
5 10.6404
14 11.047
14 11.4044
15 11.8396
14 12.1011
14 12.3309
16 12.775
17 13.2864
5 12.2835
14 12.4912
14 12.6738
14 12.8343
16 13.2175
8 12.586
5 11.6678
13 11.8291
13 11.9708
13 12.0954
4 11.1155
13 11.3436
5 10.5758
5 9.90096
7 9.54984
14 10.0885
15 10.6829
14 11.0844
6 10.469
13 10.7754
5 10.0763
5 9.46193
3 8.67981
15 9.44477
14 9.99611
13 10.3597
14 10.8003
14 11.1876
11 11.1649
13 11.387
5 10.6139
5 9.93445
12 10.1845
16 10.8883
6 10.2967
15 10.8659
6 10.277
4 9.51726
14 10.0598
14 10.5367
14 10.9559
5 10.235
13 10.5697
5 9.89556
14 10.3923
5 9.73968
21 11.1026
14 11.4533
21 12.6087
14 12.7771
14 12.9251
6 12.087
4 11.1082
13 11.3371
6 10.6912
15 11.2127
15 11.6711
6 10.9847
14 11.3496
5 10.5811
5 9.9056
15 10.5222
5 9.85382
13 10.2346
14 10.6904
6 10.1227
14 10.592
5 9.91514
5 9.32023
14 9.88665
11 10.0214
13 10.3819
13 10.6988
13 10.9773
5 10.2539
1 9.13382
5 8.63348
16 9.52509
5 8.97739
14 9.5853
5 9.03032
15 9.75286
14 10.2669
5 9.62943
16 10.4005
15 10.9572
15 11.4465
14 11.7556
21 12.8745
16 13.2528
16 13.5853
15 13.7565
15 13.907
9 13.3131
15 13.5173
9 12.9705
6 12.1268
7 11.5063
7 10.9609
19 11.9339
7 11.3367
16 11.9012
14 12.1552
14 12.3785
14 12.5747
1 11.1738
6 10.5476
8 10.2392
6 9.72614
6 9.27515
7 8.99977
7 8.75773
8 8.66602
8 8.58541
17 9.60387
18 10.6201
17 11.3923
8 10.9817
17 11.7101
8 11.2611
16 11.8346
6 11.1284
10 10.9919
18 11.8401
18 12.5857
20 13.4831
18 14.0298
7 13.1789
8 12.5521
16 12.9694
16 13.3362
13 13.2955
8 12.6546
2 11.365
8 10.9577
8 10.5997
7 10.164
8 9.90212
7 9.55086
8 9.36315
8 9.19816
21 10.6266
18 11.519
1 10.2459
16 10.9423
15 11.4334
15 11.8651
6 11.1552
16 11.7416
6 11.0467
8 10.6779
8 10.3538
8 10.0689
8 9.8185
1 8.75116
17 9.74955
10 9.77987
17 10.6538
15 11.1798
7 10.6739
17 11.4396
8 11.0233
7 10.5363
7 10.1083
7 9.73208
16 10.4907
16 11.1575
6 10.5333
7 10.1056
8 9.85079
8 9.62678
8 9.42988
15 10.1041
6 9.60732
6 9.17071
5 8.66591
16 9.55359
8 9.36555
7 9.07924
8 8.94861
16 9.80208
9 9.705
17 10.5879
8 10.2747
8 9.9994
7 9.63636
8 9.43831
16 10.2325
8 9.96229
8 9.72478
8 9.51603
8 9.33253
15 10.0185
16 10.7425
8 10.4105
16 11.0871
7 10.5924
16 11.2469
19 12.1853
9 11.7998
1 10.4926
1 9.34367
18 10.3914
17 11.1913
1 9.95776
5 9.3577
19 10.5248
17 11.3085
8 10.908
8 10.5561
21 11.8201
8 11.3578
8 10.9514
9 10.7152
8 10.3866
10 10.3398
18 11.2669
18 12.0819
9 11.7088
16 12.2282
17 12.8058
8 12.2241
18 12.9232
16 13.2956
18 13.865
9 13.2762
12 13.1217
19 13.8332
18 14.3375
8 13.5704
8 12.8962
1 11.4564
8 11.038
17 11.7596
8 11.3046
4 10.4205
8 10.1275
20 11.3224
19 12.2517
9 11.8581
9 11.5122
9 11.2081
18 12.0302
7 11.4214
6 10.7652
17 11.5198
6 10.8517
15 11.3538
5 10.5848
20 11.7243
15 12.1208
5 11.2589
14 11.5907
4 10.672
21 11.922
7 11.3263
13 11.5289
3 10.4966
13 10.7996
15 11.308
3 10.3024
4 9.53961
21 10.9267
3 9.96731
4 9.24505
4 8.61022
1 7.68912
14 8.45295
5 8.03503
13 8.63596
12 9.04313
4 8.43273
21 9.95381
21 11.2908
4 10.4083
21 11.6903
2 10.5174
1 9.3655
21 10.7737
21 12.0114
2 10.7997
19 11.7922
4 10.8491
20 11.9567
20 12.9302
1 11.4862
18 12.2746
1 10.91
8 10.5578
18 11.4585
8 11.0399
1 9.82476
17 10.6932
7 10.2462
20 11.4268
18 12.2223
9 11.8323
9 11.4895
10 11.3092
8 10.9087
1 9.70941
19 10.8339
17 11.5802
7 11.0258
17 11.7489
18 12.5055
17 13.0495
16 13.4066
18 13.9626
9 13.3619
9 12.834
8 12.2489
1 10.8874
17 11.6272
15 12.0355
15 12.3943
8 11.8624
16 12.3632
17 12.9244
18 13.5387
18 14.0787
2 12.6168
9 12.179
1 10.826
10 10.726
18 11.6064
18 12.3802
20 13.3025
20 14.1131
18 14.5836
19 15.1181
10 14.4986
1 12.8648
19 13.6074
1 12.0815
19 12.9189
18 13.5339
17 13.9534
20 14.6852
20 15.3285
19 15.7729
19 16.1635
10 15.4175
19 15.8511
20 16.3533
1 14.495
18 14.9192
2 13.3555
1 11.8601
11 11.756
10 11.5434
19 12.4459
19 13.2392
10 12.8472
18 13.4708
19 14.1401
1 12.5497
10 12.2411
1 10.8805
10 10.7739
2 9.71197
1 8.65752
19 9.90932
9 9.79926
11 9.94459
21 11.2827
20 12.3378
20 13.2652
2 11.9017
11 11.7926
11 11.6966
20 12.7016
18 13.3429
10 12.9383
10 12.5827
10 12.2701
19 13.0846
10 12.7113
19 13.4724
10 13.0522
9 12.5617
10 12.2516
1 10.8898
10 10.7821
19 11.7768
1 10.4724
17 11.2625
11 11.2307
1 9.99243
20 11.2037
19 12.1473
11 12.0085
11 11.8864
3 10.8108
11 10.8337
2 9.76454
19 10.8824
1 9.68624
18 10.6925
20 11.819
19 12.6882
9 12.2418
10 11.9704
20 12.9423
19 13.6755
9 13.1096
2 11.7649
9 11.4303
9 11.1361
18 11.9669
9 11.6078
16 12.1394
1 10.7912
2 9.72712
18 10.7284
9 10.5192
1 9.36707
15 10.0489
8 9.80087
18 10.7932
8 10.4552
6 9.91594
8 9.68404
16 10.4485
9 10.2732
18 11.2084
9 10.9411
16 11.5534
9 11.2444
7 10.7306
18 11.6105
8 11.1735
7 10.6684
17 11.4347
17 12.1083
10 11.8531
7 11.2657
15 11.7177
6 11.0257
6 10.4174
16 11.0931
8 10.7187
5 10.0265
5 9.41815
5 8.8834
6 8.53441
7 8.34869
7 8.18546
7 8.04197
15 8.88414
6 8.53506
6 8.22823
6 7.95853
6 7.72148
6 7.51312
6 7.32998
15 8.25832
6 7.98499
15 8.83405
6 8.49103
15 9.27884
15 9.9713
15 10.5799
15 11.1149
6 10.4958
16 11.162
7 10.6583
13 10.9417
6 10.3436
17 11.1493
21 12.3415
7 11.695
5 10.8847
6 10.2935
15 10.8631
16 11.4849
14 11.7893
14 12.0569
6 11.3238
6 10.6794
6 10.113
16 10.8256
15 11.3308
6 10.6856
5 9.99745
9 9.87672
6 9.4075
6 8.99508
17 9.96395
4 9.24211
7 8.97073
3 8.24807
4 7.7339
5 7.403
6 7.23319
5 6.9629
6 6.84635
15 7.83323
15 8.70066
5 8.25275
15 9.0694
16 9.90824
1 8.83004
13 9.33475
1 8.32595
1 7.43926
1 6.65988
1 5.97484
10 6.46203
2 5.92197
10 6.41555
10 6.84939
1 6.14141
15 7.21361
9 7.42983
9 7.61987
9 7.78691
2 7.0865
10 7.43913
10 7.74909
19 9.11084
9 9.09742
2 8.23839
19 9.54092
18 10.5648
10 10.4964
9 10.3153
7 9.91402
8 9.68236
17 10.568
17 11.3465
10 11.1836
18 12.0086
17 12.6127
8 12.0544
9 11.6847
18 12.4491
9 12.0316
7 11.4226
18 12.2187
18 12.9185
18 13.5335
1 12.0165
16 12.4987
18 13.1645
8 12.5394
7 11.869
18 12.611
17 13.1422
10 12.7619
8 12.1856
11 12.0421
16 12.5211
8 11.9739
1 10.6457
9 10.4465
9 10.2714
10 10.2386
10 10.2097
17 11.0316
10 10.9067
2 9.82868
18 10.8177
17 11.566
18 12.3447
1 10.9716
18 11.8223
1 10.5124
9 10.3294
9 10.1685
18 11.1163
18 11.9495
1 10.6242
19 11.638
18 12.408
10 12.1166
8 11.6183
18 12.3907
21 13.4327
5 12.4121
8 11.8781
17 12.498
9 12.0746
17 12.6708
16 13.0737
16 13.4279
16 13.7392
1 12.1973
17 12.7786
8 12.2002
9 11.8129
9 11.4724
9 11.1732
16 11.7574
18 12.513
15 12.814
1 11.3841
19 12.3059
9 11.9058
17 12.5223
15 12.8222
16 13.2068
17 13.6659
19 14.3115
17 14.6369
16 14.8019
8 13.9787
8 13.255
8 12.619
6 11.8179
8 11.3558
10 11.1917
19 12.1368
18 12.8464
9 12.3809
17 12.9399
17 13.4313
8 12.774
8 12.1961
1 10.841
10 10.7392
9 10.5287
18 11.433
8 11.0175
17 11.7416
18 12.4991
7 11.8335
8 11.3695
1 10.1144
17 10.9478
17 11.6804
17 12.3242
16 12.7691
7 12.0708
16 12.5464
18 13.2065
18 13.7867
17 14.1756
17 14.5174
9 13.8496
10 13.3837
1 11.8848
9 11.5357
8 11.1077
9 10.8526
7 10.3863
17 11.1868
1 9.95385
18 10.9277
19 11.9047
9 11.5532
17 12.2124
14 12.4288
3 11.2876
18 12.1
1 10.7565
11 10.786
9 10.5698
17 11.3481
1 10.0956
1 8.99473
21 10.4478
10 10.3936
10 10.346
2 9.3358
19 10.5055
1 9.35501
2 8.4648
4 7.9244
3 7.32838
4 6.92553
4 6.57144
2 6.01813
13 6.86318
13 7.60595
4 7.16951
4 6.78589
13 7.53801
21 9.16738
13 9.63126
21 11.0073
12 11.1274
4 10.2648
13 10.5958
15 11.1289
4 10.266
5 9.62866
14 10.1577
5 9.53348
15 10.1951
5 9.56633
7 9.25571
6 8.86166
6 8.5153
16 9.42121
16 10.2175
6 9.70701
15 10.3476
6 9.82143
8 9.60097
15 10.2544
15 10.8288
6 10.2444
14 10.6989
5 10.0092
6 9.52391
5 8.97636
5 8.49508
5 8.07206
6 7.82127
6 7.60083
21 9.22259
19 10.406
8 10.1148
15 10.7061
15 11.2258
16 11.8036
19 12.6746
6 11.8668
17 12.4881
6 11.7028
6 11.0126
16 11.6162
16 12.1468
9 11.7659
7 11.1891
16 11.7714
16 12.2832
15 12.612
7 11.9328
15 12.304
16 12.7514
17 13.2656
17 13.7176
8 13.0256
17 13.5066
6 12.598
17 13.1308
6 12.2678
16 12.7195
7 12.0272
15 12.387
16 12.8243
6 11.9983
14 12.2406
6 11.4853
15 11.9107
17 12.5267
16 12.9471
15 13.1955
7 12.4457
20 13.36
5 12.3482
14 12.5481
15 12.8449
16 13.2267
14 13.3203
6 12.4343
16 12.8659
6 12.0349
7 11.4255
15 11.8581
15 12.2384
9 11.8464
14 12.1071
7 11.489
6 10.8246
6 10.2407
5 9.60636
6 9.16986
16 9.99655
15 10.6021
17 11.3765
16 11.9361
17 12.549
6 11.7564
1 10.4545
1 9.31014
7 9.03054
15 9.75305
7 9.41983
16 10.2163
7 9.82698
7 9.48482
6 9.06304
16 9.90265
15 10.5196
7 10.0936
7 9.71918
7 9.39006
15 10.0691
16 10.7869
16 11.4179
6 10.7621
7 10.3068
20 11.48
18 12.2691
6 11.5104
6 10.8434
15 11.3465
3 10.3363
9 10.1745
8 9.91135
1 8.83277
1 7.88473
1 7.05144
9 7.28728
11 7.73665
10 8.0106
1 7.16207
19 8.59487
19 9.85425
1 8.78258
19 10.0192
19 11.1062
10 10.9723
18 11.8229
19 12.6916
6 11.8817
6 11.1698
6 10.5441
15 11.0834
15 11.5574
3 10.5217
16 11.1848
1 9.95205
14 10.442
18 11.3568
15 11.7977
5 10.975
7 10.4939
1 9.34477
14 9.90822
14 10.4035
6 9.87049
5 9.28099
5 8.76284
14 9.39672
14 9.95388
13 10.3226
5 9.67835
12 9.95935
5 9.3591
14 9.92081
6 9.44625
14 9.99741
15 10.6029
21 11.8613
1 10.5467
5 9.87537
14 10.3746
4 9.60305
4 8.92488
4 8.3288
5 7.9259
5 7.57176
5 7.26049
14 8.07621
14 8.79319
14 9.4234
14 9.97732
4 9.25386
14 9.82831
17 10.6963
14 11.0962
21 12.2949
4 11.2909
21 12.4661
6 11.6834
6 10.9955
5 10.2699
5 9.63204
5 9.0714
5 8.57862
5 8.14548
5 7.76477
6 7.55117
14 8.3317
14 9.01777
5 8.53148
14 9.19336
14 9.77513
13 10.1655
14 10.6296
11 10.6744
21 11.9242
14 12.1754
17 12.7593
14 12.9095
5 11.9522
5 11.1107
6 10.4922
15 11.0378
5 10.307
5 9.66465
14 10.1894
5 9.56128
17 10.4616
15 11.0109
14 11.3727
5 10.6014
5 9.92343
15 10.5379
5 9.86759
6 9.39948
5 8.86699
14 9.48826
14 10.0343
5 9.42501
2 8.52633
14 9.18883
12 9.52908
13 9.94918
4 9.22912
13 9.68553
6 9.23945
4 8.6053
19 9.86342
5 9.27478
14 9.84669
14 10.3494
5 9.70192
5 9.13283
15 9.84296
5 9.25679
16 10.073
14 10.5483
12 10.724
14 11.1205
13 11.348
7 10.8217
21 12.0536
6 11.3209
15 11.7662
17 12.3997
15 12.7144
7 12.0228
15 12.3831
15 12.6999
15 12.9783
6 12.1336
9 11.7544
16 12.2682
5 11.3885
4 10.4943
14 10.9186
13 11.1705
3 10.1816
14 10.6437
15 11.171
6 10.5451
7 10.116
6 9.61786
16 10.3903
7 9.97998
11 10.1034
7 9.72781
6 9.27662
7 9.00107
9 9.00094
10 9.12186
19 10.3175
11 10.4001
21 11.683
9 11.3583
11 11.3149
19 12.2451
18 12.9416
8 12.3435
7 11.6968
7 11.1283
17 11.839
8 11.3743
8 10.9659
16 11.5752
16 12.1108
15 12.4605
7 11.7996
16 12.308
19 13.1179
5 12.1354
16 12.6031
16 13.0143
9 12.5284
14 12.7065
7 12.0158
1 10.6825
7 10.2368
17 11.0554
4 10.2014
17 11.0243
6 10.4162
6 9.88168
20 11.1063
14 11.4566
7 10.9172
7 10.4431
7 10.0263
8 9.78108
17 10.6548
15 11.1807
7 10.6747
6 10.1089
15 10.7009
16 11.3423
6 10.6957
8 10.3694
15 10.9299
10 10.8173
15 11.3236
7 10.8003
7 10.3403
8 10.057
7 9.68704
17 10.5722
7 10.1398
17 10.9701
8 10.6106
17 11.384
6 10.7323
17 11.4909
18 12.2788
10 12.0029
11 11.8816
2 10.6855
18 11.5708
3 10.5335
8 10.2268
9 10.0783
7 9.70576
12 9.98344
18 10.9537
17 11.6855
9 11.3605
7 10.8327
18 11.7002
18 12.4627
18 13.1329
17 13.601
9 13.0441
8 12.4336
10 12.139
8 11.6381
8 11.1977
8 10.8107
1 9.62326
17 10.5161
7 10.0905
10 10.0796
19 11.1593
9 10.8979
9 10.6682
1 9.49801
10 9.55877
1 8.52286
9 8.58061
2 7.78413
18 9.0206
18 10.1074
9 9.97339
3 9.12936
17 10.082
18 11.0403
7 10.5513
18 11.4529
19 12.3663
10 12.0799
8 11.5861
15 11.9993
19 12.8466
10 12.5021
9 12.0782
1 10.7374
6 10.164
6 9.66
10 9.70115
10 9.73732
18 10.7374
19 11.7375
10 11.5272
19 12.4316
9 12.0163
16 12.4985
10 12.1961
8 11.6882
9 11.3628
4 10.4717
15 11.0198
14 11.3805
8 10.9713
15 11.4589
7 10.9192
17 11.6552
15 12.0601
6 11.3266
6 10.6819
6 10.1152
6 9.61712
20 10.8738
3 9.92081
7 9.56729
3 8.77242
15 9.52617
21 10.9149
12 11.0462
21 12.251
12 12.2206
12 12.1939
3 11.0811
12 11.1923
21 12.3794
12 12.3335
2 11.0828
12 11.1938
12 11.2914
2 10.1668
3 9.29936
3 8.53692
20 9.92435
2 8.96523
1 8.00116
11 8.36412
3 7.71488
12 8.23353
21 9.77871
2 8.83722
21 10.3093
20 11.4822
1 10.2135
1 9.09837
1 8.11819
1 7.25664
21 8.92006
2 8.0825
11 8.43561
20 9.83531
10 9.85524
9 9.75173
9 9.66074
6 9.21766
1 8.22304
18 9.40639
18 10.4465
20 11.6028
18 12.3771
18 13.0577
10 12.6876
10 12.3623
8 11.8343
1 10.523
9 10.3386
17 11.1449
16 11.7325
17 12.3701
17 12.9305
17 13.423
9 12.8877
7 12.1751
8 11.6697
18 12.4359
1 11.0518
18 11.8928
9 11.5426
18 12.3242
16 12.7691
8 12.1919
3 11.0793
17 11.7959
17 12.4258
17 12.9794
19 13.7081
1 12.17
9 11.7863
9 11.4491
1 10.1844
1 9.07276
17 10.0322
17 10.8756
9 10.6486
16 11.2963
18 12.1077
10 11.8526
18 12.5966
18 13.2506
7 12.4941
18 13.1605
17 13.6252
9 13.0654
9 12.5733
1 11.1726
10 11.0306
10 10.9059
10 10.7962
9 10.5788
18 11.4771
19 12.3876
1 11.0093
2 9.91886
20 11.139
13 11.3643
1 10.1098
1 9.00723
1 8.03807
1 7.18622
10 7.52679
20 9.03648
11 9.27413
9 9.24095
9 9.21179
19 10.3965
16 11.0747
10 10.9446
18 11.7986
20 12.7912
18 13.4217
20 14.2179
9 13.5863
21 14.4837
18 14.9093
18 15.2833
7 14.2808
17 14.6099
8 13.8099
1 12.2594
10 11.986
9 11.6246
8 11.1859
16 11.7685
19 12.6438
10 12.3238
18 13.0108
20 13.8568
17 14.2372
1 12.635
9 12.1951
9 11.8084
9 11.4684
2 10.3224
17 11.1307
7 10.6307
8 10.3123
10 10.2745
1 9.15196
10 9.2546
12 9.58689
3 8.78965
2 7.96786
8 7.97175
8 7.97517
16 8.94646
16 9.80018
6 9.34023
7 9.05698
15 9.77629
13 10.1665
17 10.9936
8 10.6312
8 10.3128
16 11.0011
6 10.3958
7 9.9848
6 9.5025
17 10.41
16 11.0865
8 10.713
8 10.3846
17 11.1853
17 11.8891
15 12.2656
16 12.7176
17 13.2359
15 13.4494
1 11.9426
8 11.4654
15 11.8932
7 11.301
15 11.7487
8 11.295
17 11.9855
14 12.2293
16 12.6857
18 13.3289
5 12.3208
15 12.6451
5 11.7198
15 12.1168
15 12.4658
13 12.5304
15 12.8293
6 12.0027
15 12.3655
15 12.6844
6 11.8753
6 11.1642
6 10.5392
8 10.2318
6 9.71964
4 9.02736
7 8.78198
7 8.5663
16 9.46604
15 10.1358
15 10.7246
7 10.2738
14 10.7248
8 10.395
5 9.742
6 9.28909
14 9.85927
14 10.3604
16 11.043
15 11.522
15 11.9429
15 12.3129
1 10.9437
15 11.4346
6 10.7769
13 11.0459
13 11.2824
15 11.7324
21 12.8541
16 13.2349
16 13.5695
6 12.6534
4 11.606
5 10.8064
1 9.61953
15 10.2708
5 9.63281
5 9.07208
5 8.57921
15 9.35635
5 8.82908
14 9.45494
6 9.03677
16 9.87957
17 10.7414
5 10.0465
15 10.646
17 11.4151
17 12.091
1 10.7486
1 9.56872
1 8.53161
7 8.34623
17 9.39364
19 10.5563
1 9.39969
1 8.38304
19 9.66806
19 10.7975
1 9.6117
9 9.53767
1 8.50431
2 7.71706
10 7.99338
2 7.26797
11 7.71968
1 6.90636
19 8.37011
19 9.6567
9 9.57722
16 10.3546
9 10.1906
1 9.07826
8 8.94775
16 9.80132
19 10.9147
9 10.6829
8 10.3582
17 11.1621
17 11.8687
18 12.6108
9 12.1738
8 11.6686
17 12.3139
11 12.1548
9 11.773
10 11.5584
10 11.3698
10 11.204
18 12.0265
9 11.6602
18 12.4276
8 11.8917
17 12.51
18 13.1744
17 13.6375
8 12.9551
9 12.4764
9 12.0557
11 11.9279
8 11.4525
8 11.0346
18 11.8777
9 11.5294
9 11.2232
1 9.98586
1 8.89826
21 10.363
10 10.3191
18 11.2487
7 10.7345
8 10.4035
15 10.9598
8 10.6016
7 10.1657
8 9.90356
8 9.67316
10 9.71272
18 10.7158
8 10.3871
9 10.2192
1 9.10334
18 10.1801
9 10.0373
18 11.0011
18 11.8482
9 11.5035
9 11.2004
17 11.9024
15 12.2773
8 11.7596
16 12.2728
18 12.966
3 11.7598
17 12.394
1 11.015
16 11.6183
8 11.1804
8 10.7954
17 11.5464
16 12.0855
6 11.3489
6 10.7015
16 11.3428
17 12.0275
8 11.54
7 10.9905
8 10.6286
16 11.2787
8 10.8819
6 10.291
17 11.103
17 11.8168
9 11.4758
9 11.1762
18 12.0021
9 11.6387
17 12.2876
17 12.858
7 12.149
8 11.6468
17 12.2947
8 11.7749
8 11.318
1 10.0692
16 10.787
17 11.539
8 11.1107
8 10.7342
17 11.4925
8 11.0698
6 10.4562
16 11.1272
8 10.7487
17 11.5053
9 11.2021
20 12.2669
9 11.8715
17 12.4923
18 13.1589
18 13.7448
9 13.1705
1 11.6975
8 11.25
8 10.8566
9 10.6319
18 11.5237
11 11.4603
9 11.1625
18 11.9901
10 11.7492
18 12.5058
1 11.1132
6 10.4943
19 11.5238
18 12.3076
18 12.9966
16 13.3601
1 11.8641
1 10.5492
1 9.3934
1 8.37751
19 9.6632
1 8.61465
21 10.1137
11 10.221
10 10.1942
18 11.139
9 10.8801
9 10.6526
19 11.6629
3 10.6144
13 10.9031
5 10.1886
4 9.43959
12 9.74949
19 10.8691
14 11.2481
3 10.2498
18 11.1878
21 12.3754
21 13.4193
1 11.9161
12 11.9263
12 11.9352
10 11.701
21 12.8265
20 13.6947
9 13.1265
12 12.9902
1 11.5389
1 10.2634
20 11.4418
20 12.4777
21 13.5092
20 14.2948
18 14.7432
20 15.3795
16 15.4546
17 15.6416
17 15.8061
7 14.7402
7 13.8034
9 13.222
16 13.5582
1 12.0383
16 12.5178
17 13.0603
1 11.6006
17 12.2541
16 12.7075
16 13.106
16 13.4563
8 12.7959
17 13.3047
7 12.5416
8 11.9919
9 11.6298
5 10.8274
16 11.4534
17 12.1248
9 11.7466
8 11.2931
7 10.7735
19 11.7692
8 11.313
18 12.1223
9 11.7444
17 12.3805
9 11.9714
17 12.58
8 12.0257
8 11.5384
8 11.1101
16 11.702
1 10.4067
1 9.26814
19 10.446
1 9.30274
9 9.2661
10 9.35492
10 9.433
1 8.41231
1 7.51517
16 8.54213
18 9.68686
16 10.451
9 10.2754
1 9.15271
7 8.89216
15 9.63142
8 9.43396
7 9.13937
19 10.3328
6 9.80842
6 9.34747
16 10.1527
7 9.77108
6 9.31464
17 10.2448
18 11.1835
8 10.7982
6 10.2174
17 11.0384
1 9.82336
16 10.571
1 9.41253
18 10.4519
5 9.79204
5 9.21204
13 9.67051
5 9.10522
21 10.5449
4 9.75274
3 8.93542
4 8.33807
14 9.02336
14 9.6257
14 10.1551
18 11.1046
2 10.0027
6 9.51821
17 10.4238
17 11.2197
14 11.5562
14 11.852
14 12.112
15 12.4615
6 11.6795
18 12.4445
4 11.4224
21 12.5816
5 11.664
5 10.8574
5 10.1485
21 11.4619
5 10.6798
5 9.99231
14 10.4774
15 11.0248
15 11.5059
14 11.8078
1 10.4997
16 11.1654
8 10.7823
6 10.2035
6 9.69469
14 10.2158
14 10.6738
14 11.0764
11 11.0671
5 10.3328
5 9.68735
5 9.12002
14 9.71067
5 9.14051
15 9.84971
1 8.77859
14 9.41056
21 10.8133
6 10.2307
15 10.808
21 12.0416
9 11.6734
16 12.1971
15 12.5363
15 12.8345
14 12.9756
5 12.0103
9 11.6459
13 11.8098
14 12.0749
5 11.2186
11 11.1921
15 11.653
15 12.0581
15 12.4142
15 12.7272
21 13.7285
14 13.7613
14 13.7902
21 14.6629
5 13.4933
14 13.5546
13 13.4875
20 14.2757
5 13.1531
21 14.1028
5 13.0011
5 12.0326
7 11.4235
6 10.7671
16 11.4005
6 10.7468
6 10.1723
15 10.7566
6 10.1809
15 10.7642
6 10.1875
15 10.77
14 11.161
6 10.5363
6 9.98725
6 9.50465
14 10.0487
15 10.648
14 11.0537
14 11.4103
14 11.7238
5 10.91
6 10.3157
5 9.6723
5 9.10679
4 8.48869
5 8.06644
14 8.7846
14 9.41585
14 9.97069
5 9.36906
15 10.0506
5 9.4393
21 10.8386
15 11.3422
17 12.027
14 12.2658
6 11.5074
14 11.8091
4 10.8639
7 10.3963
6 9.86417
16 10.6068
7 10.1703
8 9.90759
21 11.2502
8 10.8568
16 11.4793
7 10.9371
17 11.671
7 11.1056
4 10.2456
5 9.61068
18 10.6261
8 10.3082
17 11.1182
6 10.4987
7 10.0752
8 9.82406
15 10.4505
15 11.0012
17 11.7272
19 12.6075
6 11.8078
8 11.3469
20 12.3942
7 11.7413
17 12.3778
11 12.211
5 11.3383
20 12.3866
2 11.1295
21 12.3242
2 11.0746
1 9.85521
12 10.1148
19 11.1902
5 10.441
3 9.54037
2 8.62772
1 7.7045
16 8.70855
10 8.86486
9 8.88121
18 9.9849
17 10.834
7 10.3699
16 11.0514
7 10.561
8 10.251
17 11.0679
1 9.84933
12 10.1096
18 11.0646
18 11.9041
19 12.7629
1 11.3392
15 11.7823
16 12.2928
18 12.9835
8 12.3804
7 11.7292
15 12.125
16 12.594
15 12.8852
7 12.1729
7 11.5468
18 12.3279
17 12.8934
7 12.1801
15 12.5214
7 11.8531
7 11.2657
7 10.7494
7 10.2956
15 10.865
7 10.3972
14 10.8333
16 11.4586
7 10.919
6 10.3236
1 9.19512
13 9.65564
7 9.33422
9 9.29377
10 9.37925
8 9.21231
16 10.0339
7 9.66665
15 10.3122
9 10.1534
16 10.861
1 9.66748
18 10.676
7 10.2311
17 11.0504
17 11.7705
8 11.3141
8 10.913
17 11.6497
18 12.4183
18 13.0939
9 12.5984
6 11.7998
6 11.0978
16 11.6911
17 12.3337
18 13.0195
7 12.2909
18 12.9819
18 13.5893
18 14.1231
17 14.4713
16 14.6564
17 14.94
8 14.1
8 13.3617
16 13.681
9 13.1145
7 12.3744
9 11.966
1 10.6387
18 11.5297
18 12.3128
9 11.9119
9 11.5594
19 12.46
17 13.0095
18 13.6135
9 13.0551
7 12.3222
18 13.0094
18 13.6135
17 14.0234
8 13.2943
9 12.7746
9 12.3177
8 11.7951
18 12.5461
7 11.8749
7 11.2848
8 10.8872
16 11.5061
8 11.0817
8 10.7087
18 11.5912
17 12.2459
8 11.732
7 11.1592
8 10.7769
1 9.59352
21 10.9741
6 10.3721
16 11.0532
14 11.4099
13 11.6024
14 11.8926
18 12.6318
7 11.9501
7 11.351
16 11.9137
6 11.1979
16 11.7791
15 12.169
7 11.5433
15 11.9617
21 13.0557
16 13.412
5 12.3939
13 12.4672
13 12.5317
12 12.4674
21 13.5001
15 13.6817
4 12.5098
21 13.5374
13 13.4724
3 12.2049
21 13.2694
21 14.2051
12 13.9382
3 12.6143
12 12.5399
1 11.1432
20 12.2152
21 13.2784
19 13.971
13 13.8534
1 12.2977
11 12.1406
5 11.2764
20 12.3322
21 13.3813
12 13.2142
9 12.7041
12 12.6189
3 11.4547
20 12.4889
3 11.3404
11 11.2992
3 10.2947
21 11.5905
10 11.398
11 11.3498
2 10.2181
21 11.5231
1 10.2495
17 11.0665
13 11.3005
18 12.1114
20 13.0662
2 11.7268
21 12.8492
1 11.415
20 12.4541
21 13.4884
19 14.1555
3 12.8053
19 13.5551
10 13.1248
1 11.6573
1 10.3674
1 9.2336
10 9.32636
17 10.2551
17 11.0715
6 10.4577
16 11.1285
17 11.8391
16 12.3428
8 11.8171
1 10.5079
17 11.2937
9 11.016
8 10.651
8 10.3301
16 11.0164
17 11.7406
8 11.2879
18 12.1003
18 12.8143
17 13.321
17 13.7662
18 14.2787
9 13.6398
18 14.1675
6 13.179
16 13.5204
8 12.8522
17 13.3543
7 12.5852
9 12.1512
8 11.6488
18 12.4175
1 11.0356
8 10.6682
16 11.3135
8 10.9125
16 11.5282
9 11.2222
8 10.8322
10 10.7315
1 9.55365
18 10.576
19 11.5956
18 12.3707
10 12.0838
8 11.5895
9 11.2761
20 12.332
6 11.5656
17 12.2233
1 10.8649
10 10.7602
1 9.57891
19 10.7192
20 11.8425
19 12.7088
10 12.3809
1 11.0035
19 11.9713
1 10.6434
7 10.2024
10 10.1779
1 9.06707
7 8.81689
8 8.71801
8 8.63111
8 8.55472
16 9.45586
14 10.0059
15 10.6103
16 11.2627
12 11.3519
8 10.9462
7 10.4686
6 9.92773
16 10.6627
17 11.4297
20 12.467
19 13.2577
9 12.7424
12 12.6525
9 12.2105
18 12.9112
2 11.5906
1 10.3087
9 10.1503
10 10.1321
20 11.3265
7 10.8028
10 10.7057
19 11.7096
20 12.713
20 13.595
20 14.3702
4 13.1151
21 14.0694
19 14.6662
12 14.3435
19 14.9071
2 13.3449
20 14.1504
2 12.6798
20 13.5658
7 12.7711
17 13.2829
16 13.6118
8 12.9326
8 12.3356
18 13.0211
17 13.5027
7 12.7157
7 12.0239
8 11.5368
17 12.1981
17 12.7793
16 13.1691
13 13.1486
6 12.2834
7 11.6439
18 12.4132
16 12.8474
19 13.592
6 12.6731
7 11.9865
15 12.3512
15 12.6718
15 12.9536
6 12.112
15 12.4615
15 12.7688
14 12.9178
4 11.8384
16 12.3421
6 11.5745
15 11.9891
15 12.3535
14 12.5528
4 11.5176
5 10.7288
4 9.91435
15 10.5299
16 11.192
1 9.95838
13 10.3265
5 9.68183
7 9.35724
14 9.91917
19 11.0183
1 9.80571
6 9.34509
5 8.81918
1 7.87279
7 7.76715
14 8.52154
7 8.33738
1 7.4493
7 7.39492
4 6.98402
18 8.31734
11 8.64203
20 10.0167
19 11.104
10 10.9704
1 9.76364
19 10.8816
1 9.68555
19 10.8129
19 11.8038
12 11.8276
20 12.8167
10 12.4758
1 11.0868
10 10.9553
20 12.05
20 13.0122
10 12.6477
19 13.4165
20 14.2133
19 14.7927
11 14.3336
10 13.8091
1 12.2588
8 11.7433
19 12.6216
11 12.4254
1 11.0425
10 10.9163
1 9.71609
11 9.87149
10 9.88704
9 9.77968
1 8.71703
1 7.783
20 9.26169
1 8.26173
10 8.47212
2 7.68877
18 8.93679
1 7.97616
1 7.1318
20 8.6893
9 8.72691
8 8.63893
2 7.83539
18 9.06566
20 10.3891
2 9.37372
19 10.5388
19 11.5629
10 11.3738
1 10.1182
10 10.1039
19 11.1806
19 12.127
9 11.7486
18 12.5052
11 12.323
18 13.0101
19 13.7351
18 14.2513
18 14.705
10 14.1356
19 14.7243
9 14.0315
2 12.5753
18 13.2318
1 11.7514
10 11.5394
18 12.3213
9 11.9193
17 12.5343
18 13.1958
15 13.4142
15 13.6061
7 12.8066
7 12.1038
17 12.6964
16 13.0962
1 11.6322
7 11.0715
20 12.1522
16 12.6179
17 13.1483
16 13.4934
16 13.7968
15 13.9424
7 13.1022
17 13.5739
16 13.8676
17 14.2467
16 14.4589
15 14.5244
1 12.8875
7 12.1749
7 11.5486
17 12.2084
17 12.7883
6 11.9667
16 12.4549
8 11.9157
17 12.5311
18 13.193
20 14.0169
16 14.2569
2 12.7734
19 13.527
12 13.3422
4 12.2115
5 11.3386
5 10.5714
13 10.8654
4 10.0344
3 9.18302
4 8.55569
4 8.00429
4 7.51964
3 6.9726
2 6.37074
21 8.14139
13 8.72945
4 8.15703
5 7.77492
12 8.2863
4 7.76751
4 7.31151
2 6.66863
20 8.28219
18 9.45838
2 8.55566
1 7.64116
19 9.01598
20 10.3454
20 11.514
20 12.5411
15 12.8387
7 12.132
17 12.7212
12 12.6339
19 13.4044
8 12.7503
1 11.3281
21 12.4987
15 12.8015
12 12.7045
6 11.893
7 11.3008
7 10.7802
8 10.4437
17 11.2373
15 11.6927
7 11.1247
8 10.7465
6 10.172
9 10.0302
2 9.05823
20 10.3826
1 9.24695
5 8.73292
14 9.37042
19 10.5359
1 9.38176
2 8.48831
10 8.67127
19 9.92141
1 8.84161
19 10.0711
10 10.0625
3 9.20771
11 9.42464
19 10.5836
10 10.513
20 11.6612
19 12.5495
1 11.1516
7 10.6491
8 10.3285
9 10.1677
8 9.90531
6 9.43263
