9 9
8 8.965
18 9.40891
18 9.9393
1 9.28938
1 8.60933
19 9.54281
9 9.49056
18 10.3539
12 10.5279
11 10.5793
19 11.5193
7 11.0054
19 11.9275
1 10.6532
10 10.5764
1 9.4428
16 10.2229
1 9.12135
17 10.0652
9 9.93731
8 9.70426
9 9.61942
1 8.57997
7 8.38927
21 9.91229
16 10.6479
7 10.2069
12 10.4237
14 10.8563
17 11.5994
18 12.3737
17 12.9335
10 12.5785
17 13.1136
8 12.4948
8 11.9508
8 11.4727
17 12.1416
8 11.6404
8 11.1998
10 11.0546
7 10.5638
4 9.7694
8 9.55524
8 9.36701
16 10.1698
11 10.2703
8 9.99552
7 9.63296
9 9.55635
7 9.24694
7 8.97498
17 9.94629
8 9.71072
7 9.38263
19 10.5467
16 11.2067
17 11.9079
6 11.1928
18 12.0167
9 11.6516
18 12.42
7 11.764
18 12.5188
18 13.1822
8 12.555
18 13.214
17 13.6722
17 14.075
9 13.4608
19 14.1312
16 14.3574
17 14.6772
7 13.748
16 14.0206
17 14.3812
18 14.8192
8 13.9938
17 14.3577
8 13.5882
17 14.0011
8 13.2748
7 12.5153
7 11.8478
10 11.6241
9 11.3065
16 11.8746
1 10.5584
17 11.338
15 11.7813
15 12.1709
7 11.545
8 11.1159
8 10.7388
8 10.4073
8 10.1159
15 10.7071
16 11.3477
8 10.9425
7 10.4653
16 11.1352
11 11.1189
20 12.1938
5 11.3231
12 11.405
13 11.5981
5 10.7995
14 11.1868
14 11.5273
16 12.0687
13 12.1814
4 11.1912
13 11.4101
4 10.5132
4 9.72489
13 10.1213
4 9.38041
4 8.72919
21 10.2144
4 9.46223
4 8.80111
4 8.22001
13 8.79855
4 8.21776
13 8.79658
2 7.97396
14 8.70332
14 9.3444
14 9.90789
13 10.2821
16 10.9742
21 12.1877
3 11.0756
21 12.2768
11 12.1223
13 12.2285
12 12.2009
11 12.0555
3 10.9595
12 11.0854
21 12.2854
14 12.493
4 11.465
21 12.6191
14 12.7862
4 11.7228
9 11.3932
1 10.1353
19 11.2082
8 10.8199
18 11.689
10 11.4845
20 12.5152
10 12.2108
13 12.3063
21 13.3585
11 13.0731
9 12.5801
2 11.2995
9 11.0212
1 9.80829
18 10.7998
9 10.5819
17 11.3587
1 10.105
19 11.1816
10 11.0386
19 12.0022
19 12.8492
10 12.5043
18 13.1695
2 11.8176
19 12.6869
9 12.2407
2 11.0012
1 9.7907
1 8.72672
1 7.79151
18 9.0271
1 8.05554
9 8.16985
12 8.63343
18 9.76711
10 9.7953
1 8.73076
18 9.85266
2 8.90222
18 10.0034
1 8.91365
19 10.1344
9 9.99714
10 9.99748
7 9.63468
18 10.6472
9 10.4478
18 11.3619
19 12.2864
1 10.9203
17 11.6562
18 12.424
1 11.0413
7 10.5522
8 10.2433
8 9.97175
17 10.8224
8 10.4808
17 11.2699
20 12.3265
8 11.8028
15 12.1898
17 12.772
8 12.1944
8 11.6868
17 12.3298
5 11.4427
8 11.026
1 9.8125
8 9.59313
1 8.55306
16 9.4544
17 10.3677
13 10.6863
16 11.3294
5 10.5633
16 11.2214
18 12.0418
10 11.7947
9 11.4564
20 12.4905
16 12.9153
15 13.1676
7 12.4211
17 12.9753
7 12.2521
17 12.8268
10 12.4846
17 13.0311
10 12.6643
9 12.2208
17 12.7992
9 12.3394
17 12.9035
7 12.1889
7 11.5609
9 11.2509
16 11.8257
7 11.2417
6 10.6072
18 11.502
9 11.1992
17 11.9013
15 12.2763
16 12.727
9 12.2759
19 13.0898
18 13.6841
9 13.1171
9 12.6188
10 12.3019
19 13.1126
10 12.7358
18 13.373
19 14.0541
1 12.4741
10 12.1746
16 12.6376
10 12.3184
11 12.1588
18 12.8658
2 11.5507
19 12.4523
9 12.0344
9 11.6672
7 11.1023
3 10.1216
19 11.1962
10 11.0514
1 9.83486
11 9.97588
21 11.3102
11 11.2726
19 12.2079
4 11.2145
2 10.0992
4 9.36099
21 10.7697
13 11.0397
11 11.0349
21 12.241
3 11.1225
15 11.5918
21 12.7305
20 13.6104
1 12.0841
1 10.7425
19 11.742
10 11.5311
2 10.3775
19 11.4212
10 11.2491
18 12.0662
1 10.7268
17 11.4861
1 10.2169
10 10.1907
20 11.3779
19 12.3005
11 12.1431
12 12.1258
1 10.7792
7 10.3217
9 10.1618
1 9.05287
20 10.3779
21 11.6635
9 11.3411
9 11.0578
9 10.8087
18 11.6791
8 11.2338
16 11.8107
16 12.3177
15 12.6424
15 12.9277
14 13.0575
16 13.4137
21 14.3319
19 14.8969
1 13.2149
17 13.673
6 12.7443
8 12.1701
6 11.4233
6 10.7669
6 10.1899
7 9.80383
15 10.4327
18 11.3486
16 11.9116
17 12.5275
15 12.8268
13 12.8477
16 13.2293
4 12.1122
6 11.3724
17 12.0535
15 12.4102
1 11.0291
6 10.4204
16 11.0958
5 10.358
7 9.95153
6 9.47326
16 10.2632
17 11.0786
13 11.3112
16 11.8787
16 12.3775
16 12.8159
17 13.3224
7 12.5571
15 12.8528
6 12.0234
18 12.7468
8 12.1722
6 11.4252
6 10.7685
15 11.2807
8 10.8836
14 11.2608
13 11.4713
5 10.6881
15 11.21
15 11.6687
7 11.1036
13 11.3331
16 11.898
21 12.9997
6 12.1524
15 12.4971
12 12.4369
15 12.7472
5 11.8095
8 11.3484
10 11.1852
14 11.5259
15 11.9464
14 12.1949
14 12.4134
5 11.5161
6 10.8485
14 11.2299
6 10.5969
15 11.1299
21 12.3245
5 11.438
6 10.7798
21 12.0168
6 11.2885
6 10.6484
6 10.0858
5 9.47026
6 9.05024
7 8.80209
21 10.2785
15 10.8499
8 10.505
6 9.95973
15 10.5698
16 11.227
17 11.9258
16 12.4189
16 12.8523
4 11.7809
16 12.2915
16 12.7404
1 11.3194
5 10.5545
18 11.4557
6 10.7954
8 10.457
18 11.37
10 11.2042
10 11.0584
8 10.6883
18 11.5732
17 12.2301
18 12.9284
9 12.4529
18 13.1243
9 12.6251
1 11.2181
7 10.7076
18 11.5902
9 11.2767
9 11.0011
9 10.7589
18 11.6353
10 11.4374
19 12.3528
18 13.0363
20 13.8791
9 13.2886
17 13.7378
1 12.1961
10 11.9303
6 11.2125
19 12.1551
2 10.9259
10 10.8139
8 10.4733
9 10.295
18 11.2276
10 11.079
11 11.0694
19 12.0293
1 10.6944
9 10.4893
11 10.5511
9 10.3634
17 11.1666
19 12.1147
1 10.7695
1 9.58702
10 9.63701
12 9.92301
13 10.2954
21 11.5911
21 12.7299
2 11.4312
1 10.1686
21 11.4796
9 11.1795
19 12.126
20 13.0791
20 13.9167
1 12.3534
9 11.9475
18 12.6801
1 11.2664
3 10.2658
15 10.8388
5 10.1321
14 10.6003
3 9.68039
14 10.2032
4 9.45241
13 9.88179
6 9.41196
14 9.96727
15 10.5764
16 11.2328
1 9.99432
15 10.6002
12 10.7696
7 10.3134
7 9.91232
21 11.2543
7 10.7394
14 11.134
8 10.7547
8 10.4213
1 9.28099
6 8.88388
4 8.29276
11 8.62043
6 8.30327
7 8.14553
5 7.76481
14 8.51948
15 9.30385
6 8.90397
7 8.67352
15 9.43925
6 9.02298
6 8.65709
1 7.73032
16 8.73124
6 8.40066
6 8.1101
7 7.97574
8 7.97868
1 7.13401
11 7.60193
9 7.77115
1 6.9516
12 7.56263
20 9.06799
1 8.09148
1 7.23316
12 7.81012
20 9.28552
7 9.00889
15 9.73402
13 10.1293
4 9.38746
16 10.1878
7 9.80197
1 8.73663
20 10.0999
1 8.99848
6 8.63556
1 7.71139
6 7.50426
5 7.20115
6 7.05577
4 6.68592
4 6.36083
13 7.1644
1 6.41829
14 7.33594
4 6.93218
4 6.57728
5 6.38638
11 6.94478
18 8.28285
20 9.70103
10 9.73722
9 9.64799
20 10.9009
17 11.6391
16 12.167
15 12.5099
9 12.085
12 12.0747
9 11.7026
7 11.1334
19 12.0855
19 12.9224
1 11.4794
9 11.1793
12 11.2786
14 11.608
9 11.2924
10 11.1359
9 10.8774
19 11.8605
3 10.7881
10 10.6927
8 10.3668
17 11.1696
7 10.665
12 10.8266
8 10.4844
12 10.6679
10 10.587
9 10.395
16 11.0734
18 11.9117
19 12.7697
1 11.3451
18 12.1506
19 12.9796
19 13.7083
9 13.1384
8 12.5165
9 12.0909
18 12.8061
18 13.4347
9 12.898
3 11.7
17 12.3415
1 10.9687
18 11.8198
9 11.4785
1 10.2102
10 10.1848
9 10.0414
16 10.7626
19 11.7596
19 12.6359
1 11.2276
19 12.1683
19 12.9952
6 12.1485
10 11.8885
11 11.7809
2 10.5971
19 11.6142
1 10.3295
3 9.44235
19 10.5992
19 11.616
8 11.1783
18 12.004
20 12.9718
10 12.6121
1 11.2066
18 12.0288
18 12.7516
9 12.2975
18 12.9877
18 13.5944
8 12.9172
1 11.4748
8 11.0543
9 10.8056
10 10.7081
10 10.6224
10 10.5471
17 11.3281
18 12.1356
19 12.9665
20 13.8178
10 13.3557
8 12.7075
18 13.348
18 13.9111
1 12.3484
9 11.9431
10 11.7079
18 12.4695
18 13.1389
16 13.4852
5 12.4582
16 12.8869
6 12.0533
16 12.531
16 12.9509
7 12.2306
7 11.5975
15 12.0093
16 12.4923
5 11.5855
8 11.1515
17 11.8594
6 11.1502
5 10.4058
6 9.87257
14 10.3721
16 11.0533
8 10.6837
17 11.4482
6 10.7888
15 11.2985
6 10.6572
17 11.4249
18 12.2207
6 11.4678
17 12.1374
6 11.3945
6 10.7416
16 11.3781
6 10.7271
6 10.155
7 9.77312
5 9.19541
16 10.019
6 9.53256
7 9.22603
5 8.71454
4 8.14391
15 8.97374
13 9.46106
14 10.0104
14 10.4933
14 10.9177
4 10.0804
20 11.2811
4 10.3998
21 11.6828
15 12.0843
14 12.3162
13 12.3989
13 12.4717
13 12.5356
4 11.5025
5 10.7155
18 11.5972
6 10.9197
21 12.1398
4 11.1546
3 10.1676
3 9.30007
5 8.77961
2 7.95904
6 7.72193
16 8.72386
18 9.8466
18 10.8334
18 11.7008
11 11.616
16 12.1466
10 11.8868
9 11.5374
19 12.4406
10 12.1452
10 11.8856
10 11.6574
8 11.2147
11 11.1887
18 12.0131
9 11.6484
1 10.3596
7 9.95297
18 10.9269
9 10.6937
7 10.2466
9 10.0958
8 9.8421
17 10.7085
10 10.6227
18 11.5156
1 10.2429
10 10.2135
19 11.2769
2 10.1541
18 11.1037
20 12.1805
18 12.8849
13 12.8988
1 11.4586
1 10.1928
8 9.92737
9 9.81512
8 9.59543
18 10.6127
19 11.6278
18 12.3991
9 11.9877
3 10.8999
18 11.7592
5 10.9411
1 9.7379
11 9.89066
9 9.78286
17 10.6564
17 11.4242
1 10.1625
1 9.05351
1 8.07876
18 9.27957
1 8.27746
1 7.39663
10 7.71173
21 9.32007
10 9.40237
10 9.4747
9 9.41725
9 9.36674
17 10.2906
17 11.1027
9 10.8482
9 10.6245
17 11.3962
17 12.0744
18 12.7916
18 13.422
9 12.8868
6 12.0533
16 12.5309
9 12.1036
19 12.9383
1 11.4933
18 12.2809
9 11.8838
10 11.6558
9 11.3343
9 11.0518
9 10.8035
1 9.6169
15 10.2684
17 11.0832
18 11.9204
7 11.3248
7 10.8014
18 11.6727
3 10.623
18 11.5158
9 11.2113
19 12.154
9 11.7723
9 11.4367
19 12.3522
18 13.0357
7 12.3052
9 11.9052
19 12.7639
1 11.34
11 11.2989
9 11.0206
10 10.8971
18 11.7568
17 12.3914
18 13.0703
18 13.6669
19 14.3124
9 13.6694
9 13.1043
7 12.3654
18 13.0474
9 12.5575
1 11.1587
1 9.92912
1 8.84838
1 7.89846
4 7.42661
12 7.98015
13 8.58772
1 7.66935
10 7.95144
20 9.40973
2 8.5129
3 7.84564
4 7.38019
12 7.93935
21 9.52014
12 9.82029
2 8.87376
15 9.61525
4 8.93561
13 9.42754
8 9.25476
7 8.98185
8 8.86302
1 7.91132
1 7.07481
21 8.76024
12 9.15236
14 9.7391
3 8.92343
6 8.56959
15 9.3479
16 10.153
14 10.6187
14 11.0279
14 11.3876
5 10.6145
21 11.8715
5 11.0398
6 10.4298
6 9.89367
14 10.3907
5 9.73822
6 9.28576
7 9.00911
1 8.03972
1 7.18767
1 6.43875
8 6.62772
2 6.0676
10 6.54356
5 6.35673
4 6.07149
16 7.27318
15 8.2084
7 8.06214
6 7.81255
13 8.44041
3 7.78193
13 8.4135
5 8.00035
4 7.51617
16 8.543
1 7.63004
16 8.6431
12 9.0494
14 9.64859
14 10.1753
7 9.79095
15 10.4214
5 9.76524
3 8.94641
12 9.316
15 10.004
7 9.64038
16 10.4101
15 10.9657
6 10.3646
7 9.9574
6 9.47841
6 9.05741
21 10.5029
15 11.0472
3 10.0732
13 10.4274
15 10.9809
5 10.257
14 10.71
18 11.5924
15 12.0048
14 12.2463
15 12.5796
5 11.6622
18 12.4293
5 11.5301
5 10.7397
5 10.045
17 10.8868
15 11.3846
5 10.6119
6 10.0537
4 9.32098
12 9.64523
13 10.0513
6 9.56093
6 9.12993
5 8.63007
13 9.15898
13 9.62388
21 11.0008
21 12.211
11 12.0645
7 11.4515
7 10.9127
16 11.5284
6 10.8593
16 11.4815
9 11.1812
9 10.9172
10 10.8062
20 11.9189
9 11.5656
10 11.3761
19 12.2989
21 13.352
1 11.857
21 12.9636
9 12.4839
21 13.5146
9 12.9682
15 13.2141
16 13.5513
15 13.7267
14 13.7597
8 13.0626
15 13.2971
1 11.8087
18 12.5581
15 12.8536
20 13.7186
8 13.0264
19 13.7495
10 13.2956
2 11.9285
1 10.6058
19 11.6217
11 11.5465
2 10.391
19 11.433
10 11.2596
3 10.2599
12 10.4705
18 11.3818
10 11.2146
20 12.2779
19 13.0915
11 12.8384
10 12.4948
2 11.2246
12 11.3184
18 12.1271
1 10.7804
1 9.59661
21 10.9768
13 11.2217
21 12.4052
9 11.9931
12 11.9939
19 12.8419
20 13.7083
19 14.3487
1 12.7331
1 11.313
9 11.033
19 11.9973
2 10.7873
1 9.60268
19 10.7401
10 10.6505
7 10.2087
8 9.94134
9 9.82741
8 9.60623
16 10.3801
13 10.6972
14 11.097
5 10.359
6 9.83142
5 9.24665
5 8.73265
15 9.49122
6 9.06866
13 9.54449
12 9.84169
6 9.37671
15 10.0573
15 10.6556
15 11.1814
4 10.3122
1 9.18509
5 8.67855
16 9.5647
16 10.3436
14 10.7861
15 11.2962
15 11.7445
14 12.0175
15 12.3785
15 12.6958
6 11.8853
6 11.173
16 11.7572
14 12.0287
15 12.3883
6 11.6151
16 12.1458
13 12.2492
6 11.4928
6 10.828
11 10.8488
14 11.2302
5 10.4762
5 9.81336
15 10.4411
14 10.8719
5 10.1612
15 10.7468
14 11.1406
10 11.0025
18 11.8495
18 12.5939
2 11.3117
12 11.395
19 12.3155
13 12.3983
18 13.0763
18 13.6722
5 12.6226
14 12.7893
6 11.9676
1 10.6401
6 10.0785
6 9.58486
15 10.2403
7 9.84809
15 10.4717
6 9.93043
15 10.544
5 9.873
5 9.2832
14 9.8541
4 9.14555
13 9.61207
4 8.93281
7 8.69888
13 9.21946
4 8.58773
4 8.03245
5 7.66542
4 7.22178
3 6.71079
21 8.44029
4 7.90286
20 9.36703
4 8.71743
3 8.02543
12 8.50649
2 7.71898
4 7.26885
2 6.63114
21 8.37027
21 9.89891
3 9.0639
3 8.32996
13 8.89519
3 8.18167
10 8.40175
2 7.62692
20 9.12449
13 9.59356
1 8.55344
8 8.48646
9 8.54861
1 7.63497
18 8.8895
1 7.93459
9 8.06354
18 9.2662
7 8.99191
1 8.02461
13 8.62681
2 7.82473
20 9.29836
17 10.2305
19 11.2919
2 10.1673
21 11.4784
18 12.2678
10 11.9933
8 11.51
2 10.3589
2 9.3472
10 9.42621
15 10.1008
8 9.84656
1 8.77582
7 8.56088
18 9.70335
9 9.61822
11 9.78546
20 11.0218
18 11.8664
2 10.6722
10 10.5908
10 10.5193
20 11.6668
19 12.5544
10 12.2452
10 11.9735
1 10.6453
19 11.6565
10 11.456
1 10.1905
1 9.07811
10 9.18969
19 10.3771
16 11.0576
1 9.84032
10 9.85965
13 10.2397
19 11.3
19 12.232
11 12.0829
1 10.7415
7 10.2886
1 9.16438
18 10.2338
10 10.2055
10 10.1806
1 9.06945
10 9.18208
19 10.3704
11 10.4466
10 10.3925
10 10.345
1 9.21396
16 10.0353
20 11.2414
1 10.0018
10 10.0016
1 8.91209
10 9.04376
13 9.52261
10 9.58039
19 10.7205
10 10.6333
1 9.46732
10 9.53179
11 9.7095
11 9.86569
3 9.03471
9 9.03051
5 8.54267
18 9.68734
19 10.8145
9 10.5949
1 9.43356
20 10.7125
11 10.7473
1 9.56751
1 8.53055
19 9.79771
1 8.73288
1 7.79694
1 6.97427
20 8.55084
10 8.72624
1 7.79109
10 8.05845
1 7.20413
9 7.42149
20 8.94393
19 10.1611
1 9.05226
2 8.19869
21 9.74809
20 10.9889
11 10.9903
20 12.0808
11 11.95
1 10.6246
1 9.45971
20 10.7355
10 10.6464
18 11.5365
1 10.2612
18 11.1979
8 10.8108
8 10.4706
17 11.2609
16 11.8345
18 12.5807
12 12.5104
8 11.9645
1 10.6374
10 10.5603
19 11.5818
7 11.0272
7 10.5398
17 11.3217
16 11.8879
7 11.2963
1 10.0501
13 10.4072
15 10.963
20 12.0568
21 13.1393
15 13.3645
7 12.5942
1 11.1909
16 11.7729
7 11.1952
16 11.7768
8 11.3197
6 10.6758
18 11.5623
7 11.0101
20 12.0982
4 11.118
13 11.3458
6 10.6988
5 10.009
5 9.40276
14 9.95918
8 9.72206
15 10.3609
18 11.2855
16 11.8561
1 10.5421
8 10.2344
14 10.6902
20 11.817
1 10.5078
14 10.9305
4 10.0916
11 10.2016
5 9.57201
12 9.86588
21 11.2135
1 9.97731
3 9.13281
21 10.5692
3 9.65302
21 11.0264
2 9.93389
4 9.21568
17 10.1579
20 11.3491
10 11.1858
21 12.3737
20 13.2967
2 11.9294
11 11.8169
11 11.7181
20 12.7205
1 11.3019
20 12.3547
11 12.1907
9 11.8045
21 12.9175
20 13.7747
12 13.5599
21 14.4604
18 14.8888
9 14.1761
10 13.6706
1 12.137
2 10.9101
19 11.8893
9 11.5396
1 10.2639
21 11.5634
20 12.5845
11 12.3927
10 12.1031
9 11.7275
20 12.7288
1 11.3092
1 10.0614
20 11.2643
1 10.022
10 10.0193
1 8.92768
4 8.33126
11 8.65427
19 9.90646
10 9.91778
19 11.017
18 11.8622
2 10.6686
11 10.7087
20 11.8332
20 12.8217
11 12.6012
19 13.3757
19 14.0564
10 13.5655
1 12.0446
19 12.8864
4 11.8109
9 11.4707
1 10.2033
11 10.2998
10 10.2635
10 10.2316
9 10.0825
1 8.98323
18 10.0746
10 10.0655
9 9.93658
19 11.0336
13 11.2716
2 10.1494
3 9.28407
1 8.28141
1 7.4001
19 8.80409
10 8.94884
11 9.1971
19 10.3836
12 10.5792
11 10.6302
11 10.6749
20 11.8036
20 12.7956
13 12.8204
2 11.5107
21 12.6593
3 11.4902
20 12.5201
3 11.3679
12 11.4444
19 12.3589
13 12.4365
12 12.3836
10 12.0951
2 10.8733
11 10.8886
12 11.0231
13 11.2624
15 11.7148
1 10.4179
21 11.6987
13 11.8562
11 11.7526
3 10.6932
12 10.8514
21 12.0797
21 13.1594
13 13.1401
12 13.0021
3 11.7915
21 12.906
3 11.7071
13 11.8636
21 12.9694
4 11.8838
13 12.0189
21 13.1059
15 13.3352
3 12.0842
3 10.9847
14 11.3497
13 11.5494
21 12.6933
13 12.7304
14 12.8841
21 13.8664
13 13.7615
14 13.7904
4 12.6054
3 11.4428
13 11.6313
20 12.6442
21 13.6555
14 13.6972
3 12.4025
4 11.3855
4 10.4916
21 11.7635
10 11.55
21 12.6938
10 12.3678
17 12.9284
15 13.1792
16 13.5206
17 13.9417
17 14.3119
6 13.3058
14 13.3899
15 13.5847
7 12.7878
1 11.361
1 10.107
16 10.8202
8 10.4789
1 9.33162
9 9.29148
5 8.77207
1 7.83137
19 9.18317
7 8.91893
1 7.96046
1 7.118
1 6.37751
1 5.72665
1 5.15456
15 6.3462
7 6.42533
5 6.25282
6 6.22222
6 6.19532
5 6.05065
14 7.01279
5 6.76918
5 6.55504
3 6.12476
13 6.9569
14 7.80936
14 8.55865
5 8.12793
6 7.87037
5 7.52296
3 6.97552
14 7.82573
3 7.24165
15 8.18068
7 8.03777
15 8.88045
6 8.53181
7 8.34641
16 9.27276
17 10.208
17 11.0301
9 10.7844
2 9.72116
18 10.7232
6 10.1515
17 10.9804
21 12.1931
7 11.5646
7 11.0121
17 11.7369
16 12.2528
16 12.7064
1 11.2895
17 11.9807
1 10.6516
9 10.4517
3 9.54981
18 10.5726
18 11.4716
18 12.2617
17 12.8352
15 13.0972
17 13.5696
12 13.3796
17 13.8178
6 12.8716
16 13.2502
15 13.462
11 13.164
1 11.6918
13 11.8501
21 12.9576
4 11.8734
14 12.1308
14 12.357
5 11.4666
20 12.4994
21 13.5283
1 12.0119
1 10.6791
8 10.3548
10 10.3119
1 9.18482
7 8.92038
7 8.68795
7 8.48365
16 9.39339
8 9.22474
1 8.22926
7 8.08048
6 7.82867
17 8.93872
8 8.8251
6 8.48316
16 9.39296
7 9.10333
5 8.60669
16 9.50153
14 10.046
13 10.4035
1 9.26539
3 8.50706
12 8.92982
9 8.93832
4 8.34061
4 7.81524
17 8.92692
15 9.66197
4 8.97668
5 8.49536
5 8.0723
15 8.91079
11 9.16366
1 8.17557
15 9.00157
1 8.0331
8 8.02909
2 7.29936
9 7.5052
18 8.77543
7 8.56055
1 7.64546
15 8.53561
4 7.98665
1 7.14102
20 8.6974
15 9.46024
2 8.55729
19 9.82122
20 11.0532
1 9.83642
16 10.5824
10 10.5119
19 11.5393
6 10.8688
20 11.974
18 12.7034
1 11.2869
8 10.889
10 10.7814
10 10.6869
9 10.4827
1 9.33495
11 9.53648
19 10.6819
20 11.8097
19 12.68
9 12.2346
2 10.9958
16 11.6015
18 12.376
10 12.0884
9 11.7146
1 10.4177
11 10.4882
1 9.33981
10 9.41972
1 8.40064
18 9.5625
10 9.61545
10 9.66199
2 8.73463
10 8.88778
19 10.1117
19 11.1875
3 10.1965
10 10.1727
10 10.1518
19 11.2228
10 11.0748
10 10.9447
10 10.8303
10 10.7298
1 9.5522
10 9.6064
18 10.6223
18 11.5153
10 11.3319
1 10.0814
11 10.1925
1 9.07993
19 10.2806
9 10.1256
10 10.1104
21 11.4284
1 10.1662
1 9.05679
11 9.29198
8 9.13561
18 10.2085
9 10.0622
18 11.023
9 10.7781
18 11.6522
17 12.2995
1 10.9319
18 11.7874
7 11.2079
11 11.1828
18 12.0079
1 10.6755
1 9.50446
1 8.47513
11 8.78072
10 8.9283
19 10.1473
10 10.1295
1 9.02451
1 8.05326
9 8.16785
19 9.47892
9 9.42095
11 9.61207
18 10.6273
20 11.7617
2 10.5802
10 10.51
20 11.6586
11 11.5789
9 11.2668
8 10.8714
1 9.67659
2 8.74746
9 8.77802
9 8.80489
1 7.86023
18 9.08749
17 10.0452
19 11.129
1 9.90306
18 10.8831
16 11.5024
17 12.1678
9 11.7844
20 12.7788
18 13.4107
17 13.8451
1 12.2904
1 10.9239
3 9.96483
3 9.12184
20 10.4385
19 11.4747
2 10.3279
9 10.1672
10 10.147
9 10.0082
17 10.8544
8 10.5089
19 11.5366
9 11.2296
10 11.0808
19 12.0393
20 13.0028
10 12.6394
19 13.4092
20 14.2069
21 15.0291
16 15.1466
17 15.371
10 14.7209
10 14.1495
17 14.4945
2 12.9822
2 11.653
19 12.5422
17 13.0818
20 13.9191
20 14.6551
1 13.0024
11 12.76
21 13.7574
10 13.3026
10 12.9029
10 12.5515
2 11.2744
5 10.515
10 10.4527
10 10.3979
17 11.197
20 12.2624
2 11.0203
21 12.2282
5 11.3533
21 12.5209
21 13.5472
5 12.5127
2 11.2403
1 10.0009
13 10.3639
2 9.35153
13 9.79313
14 10.3023
13 10.6288
13 10.9158
13 11.1681
21 12.3581
13 12.4358
13 12.5041
4 11.4748
1 10.207
19 11.2712
13 11.4805
13 11.6644
14 11.9471
4 10.9852
4 10.1398
4 9.39663
13 9.83276
13 10.2161
13 10.5531
2 9.51784
5 8.97102
6 8.61143
5 8.17432
12 8.63736
5 8.19711
11 8.53636
3 7.86627
14 8.60866
16 9.50327
6 9.07925
21 10.5221
3 9.61164
12 9.90072
12 10.1548
20 11.3464
3 10.3362
6 9.81138
14 10.3183
4 9.55361
12 9.84971
12 10.11
13 10.4598
13 10.7672
13 11.0375
15 11.5171
6 10.8493
6 10.2624
16 10.9568
15 11.4462
15 11.8763
3 10.802
6 10.2208
6 9.70991
17 10.5923
15 11.1258
9 10.8685
7 10.4002
8 10.1097
17 10.9437
7 10.4664
18 11.3782
21 12.5428
7 11.8719
10 11.6453
7 11.0831
17 11.7992
9 11.4604
15 11.8888
18 12.6285
17 13.1576
1 11.6861
15 12.0872
7 11.4715
6 10.8092
18 11.6796
18 12.4446
15 12.7539
19 13.5099
18 14.0533
9 13.4417
2 12.0569
8 11.5658
1 10.287
10 10.2523
20 11.4321
20 12.4691
8 11.9282
12 11.9369
20 12.9128
11 12.6813
3 11.5095
1 10.2375
1 9.11943
9 9.10498
19 10.3026
1 9.17668
12 9.5184
12 9.81876
20 11.051
11 11.0449
14 11.4025
21 12.5642
21 13.5852
11 13.2723
2 11.908
10 11.677
19 12.5634
21 13.5845
11 13.2717
16 13.6019
5 12.5608
7 11.8877
2 10.691
4 9.88112
4 9.1693
1 8.18053
5 7.79558
5 7.45722
14 8.24912
16 9.18725
12 9.52769
4 8.85865
14 9.48093
4 8.81755
7 8.59756
2 7.79902
15 8.67059
5 8.22632
7 8.0779
5 7.70536
4 7.25689
6 7.10476
7 7.09208
9 7.323
16 8.37322
5 7.96495
8 7.96919
17 9.06223
16 9.90194
20 11.1242
16 11.7143
17 12.3541
16 12.7953
6 11.9729
15 12.3393
15 12.6613
15 12.9444
17 13.4352
8 12.7774
16 13.1674
14 13.2682
16 13.5988
16 13.8895
15 14.0239
5 12.9317
6 12.0927
15 12.4446
16 12.8749
6 12.0428
7 11.4325
7 10.896
18 11.7558
6 11.0592
6 10.4468
12 10.6348
15 11.1632
7 10.6593
20 11.7898
7 11.2101
16 11.7898
17 12.4204
7 11.7644
15 12.156
15 12.5002
7 11.8345
7 11.2494
7 10.735
15 11.2513
14 11.5839
6 10.9081
16 11.5244
1 10.2506
6 9.73611
2 8.79977
15 9.55021
8 9.36258
7 9.07663
6 8.70425
16 9.58729
14 10.1214
16 10.8329
15 11.3373
16 11.9016
18 12.6397
15 12.9254
1 11.482
14 11.7868
1 10.4812
21 11.7543
5 10.9368
12 11.0655
14 11.4207
13 11.6118
4 10.6905
13 10.9701
10 10.8527
9 10.6284
21 11.8837
20 12.8661
9 12.3982
11 12.2289
2 10.9909
20 12.0813
1 10.7401
9 10.5295
1 9.37607
10 9.45158
1 8.42865
12 8.86091
19 10.0881
12 10.3195
2 9.31255
18 10.364
2 9.35169
1 8.34085
1 7.45235
3 6.91346
10 7.28704
1 6.52609
8 6.70448
19 8.19267
19 9.50073
21 10.8925
13 11.1476
2 10.0404
18 11.0038
17 11.7296
17 12.3675
16 12.8071
18 13.4357
1 11.9305
18 12.6651
18 13.3108
21 14.2415
2 12.7598
1 11.3365
9 11.0537
18 11.8944
17 12.5124
7 11.8452
19 12.7112
17 13.2303
16 13.5655
9 13.0129
17 13.4955
9 12.9514
18 13.5624
16 13.8575
18 14.3589
9 13.7103
1 12.1719
17 12.7562
8 12.1806
18 12.8849
18 13.504
8 12.8378
9 12.3733
17 12.9333
19 13.6676
1 12.1344
19 12.9654
8 12.3644
1 10.9889
11 10.9902
9 10.7493
17 11.5059
17 12.1709
19 12.9974
1 11.5453
20 12.5686
9 12.1367
19 12.9674
8 12.3662
17 12.927
16 13.299
18 13.868
2 12.4315
17 12.9845
18 13.5915
17 14.0041
1 12.4301
18 13.1043
14 13.2127
8 12.5818
7 11.9062
6 11.1913
17 11.8944
7 11.302
20 12.3547
8 11.8277
17 12.4537
18 13.125
9 12.6257
16 13.0341
16 13.3931
16 13.7086
7 12.8967
11 12.6671
1 11.255
10 11.1031
19 12.0589
9 11.6886
18 12.4525
9 12.0347
18 12.7567
10 12.423
1 11.0404
1 9.8252
20 11.0567
1 9.83949
1 8.76961
18 9.8868
17 10.7477
6 10.1731
7 9.78905
16 10.5408
10 10.4753
1 9.32849
8 9.1677
17 10.1157
18 11.07
2 9.97218
4 9.24933
13 9.7033
11 9.86024
11 9.99819
1 8.9091
10 9.04113
9 9.03616
1 8.0635
1 7.20857
19 8.63575
9 8.67983
19 9.92893
19 11.0268
19 11.9919
9 11.6298
1 10.3432
10 10.3016
4 9.53893
2 8.62646
11 8.91374
20 10.2556
10 10.2246
20 11.4078
11 11.3584
11 11.315
1 10.0666
11 10.1795
19 11.2471
3 10.2489
11 10.3398
20 11.5091
12 11.5685
2 10.4104
20 11.571
20 12.5912
2 11.3093
20 12.3612
2 11.1071
20 12.1835
2 10.9509
11 10.9569
11 10.9621
2 9.87736
1 8.80289
10 8.94778
20 10.2855
10 10.2509
11 10.3416
18 11.2685
20 12.3253
3 11.1967
2 10.0835
11 10.1945
11 10.292
20 11.467
11 11.4104
21 12.5711
19 13.3492
11 13.0649
19 13.7833
19 14.4147
1 12.791
1 11.3639
1 10.1095
11 10.2173
19 11.2803
1 10.036
10 10.0317
11 10.1489
10 10.1308
1 9.0257
10 9.14362
2 8.279
19 9.57661
10 9.62786
11 9.79393
10 9.81887
1 8.75148
11 9.02363
20 10.3522
11 10.4306
2 9.41017
10 9.48156
1 8.455
1 7.55269
19 8.93821
21 10.3981
11 10.471
12 10.656
19 11.6659
21 12.7957
19 13.5466
2 12.1491
11 12.01
2 10.7984
12 10.9439
10 10.8296
10 10.7292
11 10.762
1 9.58045
10 9.63123
1 8.58655
9 8.63659
11 8.92265
11 9.17408
18 10.2423
20 11.4233
21 12.5824
21 13.6013
20 14.3757
3 12.9989
11 12.7569
20 13.6336
9 13.0728
10 12.7009
1 11.2847
7 10.7661
20 11.8837
1 10.5664
21 11.8292
3 10.7606
11 10.7896
2 9.72571
5 9.15373
9 9.13513
21 10.5712
12 10.7441
21 11.9854
17 12.5924
3 11.4314
3 10.4109
4 9.63494
15 10.2843
4 9.52368
14 10.0655
13 10.4207
4 9.64353
21 11.0181
4 10.1686
18 11.1165
4 10.2552
20 11.4346
20 12.4713
2 11.2039
10 11.0582
17 11.7774
8 11.3202
14 11.6445
6 10.9613
14 11.3291
21 12.4996
13 12.5602
5 11.6452
14 11.9302
5 11.0914
14 11.4434
16 11.9949
14 12.2376
5 11.3616
15 11.802
5 10.9787
1 9.77093
6 9.31452
14 9.88163
5 9.29078
4 8.65041
14 9.2979
14 9.86702
7 9.52001
16 10.3043
14 10.7516
7 10.2975
21 11.5929
14 11.8843
6 11.1721
14 11.5143
5 10.7259
14 11.1222
5 10.3812
4 9.60882
14 10.1403
5 9.51815
16 10.3027
13 10.6291
7 10.1899
21 11.4983
1 10.2276
21 11.5315
15 11.9513
13 12.0782
14 12.3108
16 12.7573
14 12.9077
14 13.0399
12 12.9141
5 11.9562
13 12.0825
3 10.9832
15 11.4694
14 11.7757
15 12.1659
16 12.63
21 13.6431
17 14.0494
15 14.1644
1 12.5711
6 11.7757
15 12.166
16 12.63
17 13.159
18 13.7449
6 12.8075
16 13.1939
18 13.7756
17 14.1659
7 13.2985
10 12.8993
16 13.2746
17 13.7255
16 14.0008
9 13.3955
1 11.8952
9 11.5448
18 12.3261
10 12.0446
11 11.9181
18 12.6543
1 11.2437
18 12.0614
18 12.7802
9 12.3227
18 13.0098
9 12.5245
9 12.0979
18 12.8123
18 13.4402
9 12.9028
17 13.3987
9 12.8663
20 13.7297
18 14.2466
18 14.7009
10 14.1319
2 12.6635
1 11.2518
19 12.1896
1 10.8353
8 10.4921
11 10.5536
3 9.63934
21 11.0144
10 10.8916
8 10.5416
1 9.38675
10 9.46097
1 8.4369
10 8.62609
10 8.79238
2 7.97027
11 8.33697
10 8.53825
10 8.71518
10 8.87068
18 9.97565
20 11.1889
3 10.1978
11 10.2949
12 10.5013
8 10.1985
11 10.2955
20 11.4701
11 11.4132
11 11.3632
2 10.2299
4 9.47589
2 8.57105
20 9.95435
2 8.99159
20 10.324
10 10.2848
11 10.3713
13 10.6895
10 10.6061
12 10.7748
20 11.8913
1 10.5731
19 11.5931
7 11.0371
10 10.9116
10 10.8013
18 11.6726
1 10.3808
18 11.303
1 10.056
9 9.92817
18 10.9051
18 11.7639
1 10.4611
8 10.1632
19 11.2328
9 10.9625
11 10.967
20 12.0603
1 10.7217
11 10.7554
19 11.7532
8 11.299
17 11.989
9 11.6272
2 10.462
18 11.3744
18 12.1763
18 12.8812
18 13.5007
9 12.956
1 11.5089
19 12.4156
8 11.8811
17 12.5007
17 13.0453
1 11.5874
17 12.2425
17 12.8183
8 12.2351
17 12.8118
1 11.3822
16 11.9411
1 10.6169
19 11.6315
9 11.313
11 11.2751
1 10.0315
1 8.93835
12 9.30892
2 8.42428
1 7.52569
4 7.09896
14 7.93422
20 9.3946
3 8.62063
18 9.75586
21 11.1168
20 12.192
8 11.6846
19 12.57
15 12.8641
1 11.4282
4 10.5291
7 10.1019
17 10.9369
15 11.4286
16 11.9819
6 11.2579
15 11.7108
17 12.351
8 11.8244
13 11.9667
6 11.2445
16 11.8201
6 11.1156
15 11.5858
3 10.5466
4 9.75424
21 11.1154
5 10.3752
5 9.72461
15 10.3631
19 11.4085
19 12.3273
18 13.0139
18 13.6174
8 12.9375
9 12.4609
8 11.921
1 10.5992
10 10.5267
1 9.3736
8 9.20735
19 10.3926
19 11.4344
1 10.1715
7 9.78761
8 9.57125
16 10.3494
15 10.9122
6 10.3177
13 10.6423
2 9.59632
21 10.9766
12 11.1004
21 12.2986
5 11.4152
4 10.5177
4 9.72886
5 9.15651
5 8.65342
12 9.05848
12 9.4145
18 10.4536
11 10.5198
16 11.1831
16 11.7661
1 10.463
18 11.3753
17 12.056
1 10.7179
9 10.51
1 9.35892
11 9.55755
7 9.248
15 9.94419
10 9.95094
8 9.71481
17 10.5966
17 11.3716
8 10.9635
8 10.6048
1 9.44232
1 8.4205
16 9.33789
8 9.17596
21 10.6071
16 11.2598
16 11.8335
17 12.4589
16 12.8875
7 12.1749
7 11.5485
18 12.3294
7 11.6843
16 12.2067
9 11.8186
6 11.1143
16 11.7057
18 12.4675
6 11.6847
7 11.1177
13 11.3455
14 11.6668
5 10.8599
3 9.90856
5 9.31446
7 9.03433
17 9.99845
15 10.6038
6 10.0466
1 8.95164
5 8.47335
21 9.98951
6 9.50664
16 10.2926
1 9.16784
5 8.66339
21 10.1565
15 10.7428
15 11.258
15 11.711
15 12.109
8 11.6117
17 12.2639
20 13.2002
15 13.4181
7 12.6412
6 11.8374
14 12.0992
13 12.2082
15 12.5461
6 11.7538
16 12.2677
6 11.5091
16 12.0527
5 11.1991
15 11.6591
14 11.9424
15 12.3125
16 12.7588
6 11.9408
8 11.4638
18 12.2549
14 12.4661
7 11.8045
6 11.102
7 10.6055
21 11.8636
14 12.1222
5 11.2601
5 10.5024
16 11.1678
13 11.3896
5 10.6162
6 10.0575
16 10.7768
7 10.3196
5 9.67578
6 9.23088
13 9.68707
15 10.3301
6 9.80603
15 10.4347
6 9.89793
15 10.5155
17 11.3003
6 10.6588
15 11.1842
15 11.6461
8 11.2048
8 10.8169
1 9.6287
15 10.2788
19 11.3344
17 12.0201
16 12.5018
8 11.9569
15 12.3253
6 11.5597
20 12.5813
7 11.9057
15 12.2802
15 12.6094
6 11.8095
8 11.3484
7 10.8221
15 11.3277
8 10.925
21 12.1444
17 12.7321
8 12.1594
16 12.6242
17 13.1538
8 12.53
17 13.0711
7 12.3362
9 11.9324
18 12.6668
17 13.1913
17 13.6523
9 13.0892
12 12.9574
9 12.4784
9 12.0574
16 12.5346
15 12.833
7 12.127
15 12.4747
13 12.5383
7 11.868
16 12.3681
15 12.6866
20 13.5718
6 12.6554
15 12.9391
6 12.0993
14 12.3293
15 12.6526
15 12.9367
17 13.4285
8 12.7715
1 11.3467
6 10.6996
7 10.2518
7 9.85821
14 10.3595
16 11.0422
21 12.2474
1 10.8861
5 10.1737
1 9.06335
1 8.08741
1 7.22958
7 7.2018
15 8.14565
6 7.88595
7 7.77872
9 7.92654
15 8.78267
14 9.41415
8 9.24299
6 8.85047
15 9.59478
3 8.79658
14 9.42638
15 10.101
1 8.99944
15 9.72572
13 10.122
6 9.62311
6 9.18459
5 8.67811
