4 4
4 4
21 4.83525
12 5.27759
21 6.42066
3 6.14003
12 6.66648
12 7.17985
3 6.75575
21 8.26064
11 8.55919
12 8.94327
21 10.3142
12 10.5086
12 10.6825
12 10.8375
3 9.9097
3 9.08762
3 8.36051
3 7.71832
12 8.23246
12 8.68569
21 10.1691
3 9.30457
21 10.7161
12 10.8712
12 11.0076
4 10.1605
3 9.29473
13 9.74285
12 10.0159
21 11.3447
12 11.424
20 12.4617
3 11.3168
21 12.4886
3 11.3403
11 11.2991
4 10.4157
2 9.39718
21 10.8015
12 10.9465
21 12.1633
21 13.2328
3 11.9943
3 10.9057
12 11.0382
21 12.2439
12 12.2144
21 13.2777
12 13.1231
3 11.8978
21 12.9995
12 12.8785
3 11.6829
5 10.874
21 12.0996
21 13.1769
21 14.1237
21 14.956
12 14.5982
3 13.1944
3 11.9606
21 13.0546
3 11.8377
12 11.8573
21 12.9639
21 13.9366
12 13.7022
10 13.2541
1 11.7709
3 10.7093
3 9.77623
12 10.0454
21 11.3713
12 11.4474
12 11.5143
3 10.4837
12 10.6673
14 11.0706
3 10.0938
3 9.23521
21 10.6592
11 10.7004
21 11.947
21 13.0427
21 14.0059
3 12.6738
21 13.6815
21 14.5673
12 14.2566
21 15.0728
21 15.7902
12 15.3314
21 16.0175
11 15.4102
3 13.9082
3 12.5879
20 13.485
12 13.3053
3 12.058
21 13.1403
3 11.9129
12 11.9235
3 10.8434
12 10.9834
12 11.1065
11 11.0936
12 11.2033
13 11.4207
21 12.5802
3 11.4206
3 10.4014
3 9.50561
3 8.71821
12 9.11542
12 9.46455
12 9.77143
20 11.0094
3 10.04
21 11.3666
12 11.4432
12 11.5106
12 11.5699
12 11.6219
21 12.757
12 12.6654
12 12.5848
3 11.4247
21 12.5837
3 11.4237
12 11.4935
12 11.5548
12 11.6087
21 12.7453
12 12.6551
21 13.6651
3 12.3743
1 10.9976
13 11.24
12 11.332
3 10.3235
20 11.4947
21 12.6452
2 11.3567
3 10.3453
21 11.6349
3 10.5897
21 11.8498
12 11.8679
